#ess=71.4394218784 nsamp=357
#post like m1 m2 tRef dist phase inc lambda beta pol 
-67.1121106332 -7.96140480286 1501329.51273 499913.110788 -430.357908257 36918.6190494 5.35080036106 2.11551889976 3.60723799829 -0.437438277361 1.22016679113 
-66.5662748935 -7.45439213107 1499886.17886 500187.810701 -450.304625679 37239.8781408 4.52968322805 2.06628469261 3.51983648956 -0.414959572382 1.12603954769 
-64.259826197 -4.22403511929 1502193.53197 499192.090848 -11.2508030273 37294.6315371 5.24536496299 1.01704194579 4.79237648517 -1.18578767219 0.124480643996 
-66.2940768837 -6.26637892507 1500136.57714 499781.268303 -36.6972647798 38513.0701851 4.02003652024 0.912263612729 4.65868848961 -1.15151454898 0.148280276262 
-64.1012868758 -4.99765267246 1498424.37062 500601.728742 -432.073516835 36045.9197932 2.08251934146 2.06543573516 3.62913984084 -0.397186117449 1.25175650044 
-64.1643110505 -5.03150276921 1497850.60668 501010.827974 -439.08190758 37254.4851425 3.40070463573 2.09403660528 3.56747215607 -0.426443412034 2.74238745985 
-63.6715098028 -4.49908380955 1498568.73622 500791.795798 -426.446245537 37155.2283483 2.35324524992 2.13675170153 3.60482202392 -0.455465134944 1.21513456386 
-65.8365060459 -5.70827117143 1498979.02136 500328.309198 -5.92298461556 36805.8266972 3.9588197937 1.05130180154 4.82990290138 -1.22861738782 1.74186721369 
-62.9237041199 -2.98928091477 1499283.64082 500349.890489 -0.0198988500527 36790.4073447 5.69473542174 1.04498726808 4.8392561979 -1.14956239605 0.00657345200064 
-63.4828414289 -3.63469508255 1499861.76902 500108.928455 6.58459512764 35820.9875408 4.39101917475 1.0696168999 4.85981359467 -1.11571011204 1.51246887998 
-61.2808991611 -1.40961336542 1500562.06603 499784.22136 2.22348613485 36203.0383485 4.20084004971 1.05718805465 4.84319427911 -1.12366043793 1.53507564005 
-63.785711726 -4.60728219233 1501323.77869 499759.741638 -431.952917059 37480.4524953 5.3341280147 2.1399961053 3.57166657372 -0.463871053121 1.14897797684 
-63.7455216598 -3.64321940637 1500862.38176 499741.089736 -11.8666072581 37276.2588508 3.68649893936 1.02172782361 4.79344989562 -1.21273032406 1.75473906765 
-65.8036188149 -6.67980368121 1499041.96371 500320.14684 -431.092508657 36293.7544176 2.13801423776 2.08622313577 3.61798859272 -0.417665015543 1.23813718217 
-64.3791923312 -5.23714153294 1498960.39902 500530.444448 -438.290925614 37200.984721 0.313921477381 2.10019900817 3.55974688322 -0.439171712009 2.72616329172 
-65.2159042422 -5.24178894644 1500725.02561 499661.014475 -5.96840364751 36855.5596463 5.44816151996 1.03448791473 4.81421945698 -1.16446588085 0.0600910680373 
-70.6710969709 -8.04538425221 1498154.1426 500598.035267 -70.2034498622 54127.3776552 0.363562452534 0.0600679177829 4.48626487502 -1.1600699036 1.31465034458 
-62.874489904 -2.81888194312 1498854.25233 500294.856763 -16.0217129399 37602.7546744 3.46817181328 1.0005754413 4.76404937011 -1.18960255456 1.73853014697 
-67.4461734374 -7.34581374121 1500601.78184 499744.587582 -3.67377067788 37364.2167984 4.05662610007 1.04102632718 4.84393688029 -1.21636871218 1.70635482971 
-62.3219280527 -2.2807433072 1499132.10419 500303.89947 -25.0749558592 37927.7644006 3.04005399099 0.9681715676 4.71676542752 -1.17480084747 1.74697004461 
-61.7904569583 -1.89964380593 1499232.3571 500289.812516 10.2252631745 36632.0260611 3.00389333149 1.06676620518 4.88362676605 -1.13534854035 3.09437707089 
-72.4504452136 -11.7547321119 1500786.59758 499527.584635 -72.6489579031 49127.4497687 3.22882977952 0.426271262626 4.47665335584 -1.16012075498 1.15002018908 
-62.6452597221 -3.51923194237 1499323.93297 500378.917323 -441.836093171 37219.7249475 0.150477055949 2.0860115129 3.55877534678 -0.422204729303 2.73944304555 
-63.8690124764 -3.94067986414 1499037.30699 500499.297053 -15.0627520324 36700.3079609 0.279154400139 1.01040309988 4.76287761093 -1.13721759536 1.61241774309 
-64.2557006291 -4.13399286685 1500269.65047 500030.283809 -4.8711165259 37096.2880284 4.00865243254 1.04424096922 4.83792021926 -1.22472425243 1.72632625509 
-63.4506024176 -4.22362729476 1498967.99167 500662.43083 -427.147281243 37821.1795112 0.895027546096 2.18116881779 3.5491883466 -0.5033734552 2.62895807596 
-65.7143426285 -5.62276338716 1502339.31693 499189.375919 -1.26162851972 37047.0534241 4.15578167807 1.05208358827 4.85625765252 -1.21546727502 1.69144441931 
-65.9796788954 -5.87336668908 1497964.51595 500679.497876 -34.5305923308 38731.4620109 2.66155601594 0.926519447198 4.66433892295 -1.18921682926 1.85563365415 
-66.1127591172 -6.21886616107 1498600.16522 500242.668245 -25.3824605228 36107.4832649 1.32843336063 0.994123063638 4.71301320681 -1.11627170308 0.0181754435398 
-67.7078814576 -7.68462609407 1500152.97791 499994.192384 -44.0778042056 38438.2327441 0.513670564528 0.889814641973 4.62480275567 -1.1412772135 0.137483561866 
-61.5095310895 -1.50924635085 1499975.14296 500079.378289 0.711084169674 37110.0893314 1.0561209825 1.04646837665 4.85272424228 -1.17833281824 1.6232359228 
-65.82608183 -5.72194076248 1499821.0044 499978.507321 -21.6533040581 37402.6228873 3.25874918992 0.997594194675 4.73819743495 -1.20778701649 1.8101452412 
-67.0356580504 -7.02258758526 1502312.06426 499060.339643 -10.0585932859 37229.4173684 5.29837902317 1.02021781776 4.79829657577 -1.17734749876 0.11062482765 
-67.6927286664 -8.5446911949 1497867.14666 501060.398725 -438.460088026 37447.1550093 1.87365178882 2.10770432013 3.55405922465 -0.441778344871 1.14763389987 
-66.1591224421 -6.17238460074 1498183.42375 500600.075761 -37.9052887752 37683.7465912 2.33920635251 0.92629677068 4.6528864459 -1.13762505403 1.66177120437 
-67.5093964271 -8.38597833458 1500594.41194 499991.950445 -425.136082431 35700.644667 0.806335245612 2.08457165549 3.64481384003 -0.418020493467 2.84698019361 
-65.6251095912 -5.46944315964 1500012.70386 499819.41858 -43.981525151 38877.1840851 2.29335166711 0.902027014881 4.61207443689 -1.20137032374 1.9680278737 
-65.2654088653 -5.31817174947 1499668.46174 499876.714758 -4.35700847433 36889.0690786 3.93312159937 1.03329584372 4.81846172312 -1.15251991257 1.6028667756 
-66.8560793592 -6.93237156444 1498087.61554 500689.471033 -10.1004352555 36558.9867837 5.22449653588 1.02328700406 4.78602824937 -1.13887995823 0.0360733923618 
-62.9035685561 -2.80857520702 1501405.90763 499467.557634 -0.0893638977476 37066.8750074 4.21380394282 1.0537565466 4.86445410076 -1.21710763349 1.68756190495 
-62.0081822104 -2.11867541494 1499177.48211 500281.890118 9.56858262926 36463.5617912 2.97630162206 1.06847135145 4.88118543461 -1.13520180387 3.0950551072 
-68.75476623 -8.83299013856 1498260.07992 500531.941775 -17.1723562048 36556.6257884 0.167467926994 1.00315459722 4.75108945805 -1.13223705795 1.60925168038 
-64.9918904284 -4.92242007807 1500999.16459 499771.355989 -1.98094257589 37088.9451881 4.11139633087 1.04850212013 4.84828731434 -1.206272586 1.68068938048 
-64.4782850816 -4.38771840907 1498489.86966 500536.168511 0.848735957605 37150.6342316 4.24960327334 1.05567046107 4.86651709155 -1.21580024449 1.68306885601 
-66.0787684716 -5.97515079449 1499055.88366 500302.216494 -17.547858885 37304.5249836 1.86673084841 1.00866849576 4.7583851856 -1.21020973564 0.223472414982 
-70.8313341691 -11.6767930191 1503795.64469 498867.943004 -424.976765779 36352.1420799 3.99552395319 2.11867929718 3.6290021511 -0.442463127523 2.82731571311 
-62.4681632193 -2.59077984595 1501389.16347 499537.768197 2.7667212077 36161.5673351 4.23529314659 1.0590788774 4.84763492066 -1.12705220068 1.54139701216 
-62.2666898857 -2.23239812755 1499781.89337 499958.683837 -23.7220143771 37787.3754674 4.66791517597 0.973489027903 4.72412141135 -1.17354503364 0.164143805618 
-66.5828944608 -7.31812124769 1499060.66907 500350.27885 -419.355881851 39071.330385 2.7234506798 2.23316254815 3.59173866839 -0.5032418987 1.14859249003 
-64.7674631885 -4.75088259857 1501015.97389 499640.746058 -33.7772255613 38092.9034534 2.59413286872 0.932711628714 4.67348594132 -1.15332365563 1.71938037394 
-68.938526262 -9.80787242111 1499736.61465 500393.436844 -424.546138364 35805.0048171 0.840027091215 2.09004593304 3.64174235336 -0.426689350032 2.83814658058 
-66.7075769161 -7.55882152682 1498183.99848 500646.257179 -436.915140459 37242.1331076 5.0769866272 2.10808804709 3.56163645145 -0.444107211369 1.15854047387 
-63.3493346308 -3.4903729267 1498694.28509 500454.732437 7.03903934213 36197.3680819 4.41428950017 1.06682730459 4.86347574473 -1.1202685536 1.51417393973 
-70.6367580403 -11.2658047389 1499687.07888 500437.622045 -409.632865832 39627.3954967 4.94543499162 2.31970003705 3.5792510991 -0.557424370714 2.49614294948 
-66.7254293116 -7.43525246426 1501171.51991 499765.247266 -408.870628774 38546.62646 4.63383025646 2.2590421183 3.63760172612 -0.511225697521 2.86776665444 
-63.6651903895 -3.43266674795 1500735.33108 499769.290146 -29.7611808597 36159.731238 2.97902774071 1.02000538989 4.68924995263 -1.25771812489 1.97475102978 
-65.1023199765 -5.14456854819 1498889.77561 500428.858492 -37.9093136501 37135.4358819 2.33009436021 0.938968987984 4.6548436119 -1.12839650974 1.64134705012 
-66.5292021715 -7.35023041302 1499387.26003 500388.055706 -409.384351007 35056.9643475 1.44150038395 2.13649175113 3.67330266276 -0.469449110483 2.89977638091 
-68.1071315188 -8.77328330604 1498428.45553 500874.899282 -413.392302236 40168.2813948 6.17593153164 2.29891116652 3.59407468796 -0.527203621935 1.0926664157 
-66.4697273881 -6.27270877408 1499675.50939 500129.763933 -68.7444512397 37039.9918057 4.55298098901 0.881684896482 4.46647148445 -1.21074019132 2.34801153191 
-65.2339215487 -4.98966372304 1499661.0393 500003.133745 -30.6237007642 35794.0755644 2.94105023897 1.02694200067 4.6808891643 -1.2629190084 1.99345754864 
-63.435960884 -3.57574503787 1498575.15362 500460.322725 7.14520972757 36156.8930414 4.42241208114 1.06653560934 4.86430327379 -1.12082999968 1.51673550498 
-64.2072740701 -5.12450279086 1498445.2885 500819.126017 -436.222754358 36013.3840738 5.0489197878 2.0438413544 3.62911930459 -0.37259437009 1.25313273299 
-67.114701858 -7.04621641978 1498095.26891 500602.462935 -20.3742568129 37580.0214262 3.27426580643 0.989349149447 4.74068253014 -1.19179226266 1.76404507571 
-65.9681013539 -5.88092083775 1502416.929 499129.891462 -25.1387160199 37589.1817808 6.23035416491 0.979796842037 4.71890391666 -1.1967019399 1.80758807452 
-61.4669166726 -1.49507415423 1499240.4593 500274.669152 9.79904251461 37040.0483925 6.16618158383 1.0646479831 4.89614175463 -1.17078235297 0.00318748837263 
-69.9387514057 -10.6017479037 1499524.38922 500200.798862 -413.88605069 40049.5684716 4.6372880866 2.29783563894 3.58184207607 -0.535251572038 2.60974591326 
-66.2139747291 -7.05019147752 1499242.27681 500518.106043 -399.602826148 32830.2390853 1.80802999 2.10612733875 3.70965637207 -0.475880104889 2.97143941271 
-63.53637909 -4.41602314811 1500095.00202 500070.713518 -443.213903093 37151.6527762 3.23808204291 2.07988555749 3.55717339987 -0.417441996055 2.73828657553 
-63.277125641 -3.18595084012 1500071.56772 499862.226424 -0.807133165742 37159.460426 4.1710319284 1.05049298243 4.85781188686 -1.21504007536 1.68381857283 
-64.2149910495 -4.27092371718 1498190.03292 500702.927561 -0.940330038647 36792.0659508 5.65873405358 1.04374506879 4.83493871298 -1.15354952168 0.0208637601592 
-62.6489358333 -2.77617792203 1501284.66195 499510.880101 18.0659685703 36475.444398 3.36091679637 1.08244691098 4.9211806906 -1.13096161415 3.06156773118 
-64.2471369985 -4.31511741318 1499002.33972 500352.548754 -3.53352434212 36893.2321269 5.53038136733 1.03257935514 4.8208750679 -1.14527015007 0.014211235122 
-63.3075914664 -3.19000947336 1500873.68839 499686.265208 -14.6350721405 37311.5062006 2.00465643771 1.01730081441 4.77813459378 -1.21743362222 0.215199878822 
-65.2956373516 -6.17812967917 1500213.74165 500100.725534 -415.886939187 34154.245862 5.88785868079 2.07140483464 3.68367843832 -0.421253598556 1.32465333986 
-62.7885872605 -2.74059698498 1499126.70994 500297.980373 -20.8925110487 37659.3882735 0.103531361366 0.988038090378 4.73852860478 -1.18314726776 1.7505213973 
-62.1251091768 -2.24764432688 1501062.26382 499710.079359 2.97253891518 36181.4619514 4.24239650981 1.05901958332 4.84790969604 -1.12701466763 1.54051015598 
-69.150397981 -9.05719926092 1497922.83513 500772.934436 -36.0326327605 38411.379 2.58387475832 0.931321039757 4.65521932266 -1.18530953119 1.85687729375 
-64.59374803 -5.48226887849 1500261.407 499977.607566 -427.172196956 35619.9300773 5.43511551548 2.07292217661 3.64494481653 -0.406116341803 1.26981903296 
-68.2656247528 -8.97300350061 1500360.35022 500222.319968 -417.751695704 37900.1892742 6.1499657139 2.23708433907 3.55025024477 -0.54503853714 0.936312766099 
-67.186451816 -7.88882416126 1499419.73916 500511.940695 -418.26998979 38894.4258439 1.34224300992 2.25347651335 3.56330077148 -0.531552959577 2.57324693823 
-62.9482415281 -2.93974749139 1500194.10365 499896.02895 -18.1176563222 37424.5779909 0.191148124583 0.994805067401 4.75283127594 -1.16856933148 1.68916704313 
-63.4681416778 -3.37582787068 1501385.18532 499431.934641 -0.939869436105 37168.2038227 4.17108646632 1.05137004014 4.85774541202 -1.21564401245 1.69074872356 
-62.7115222262 -2.8256731563 1498813.58203 500338.47548 2.62112866848 36323.8775945 4.22185542925 1.05431359661 4.84509119296 -1.12984191783 1.54455350216 
-64.9759885757 -5.87193955458 1499615.00348 500311.752346 -442.658846524 37162.776417 3.23666727136 2.06851828966 3.5825545423 -0.393667334579 2.77345059212 
-67.9999991068 -7.83323455066 1499540.64859 500223.955851 -57.8224687474 41628.3029613 4.59073495263 0.761903529596 4.55488593605 -1.15264697984 1.76392366864 
-61.9941863404 -1.99581796396 1500054.0256 499891.313687 -7.21722686957 37239.7512863 3.83287848918 1.02654225967 4.80873726026 -1.1727491506 1.65415439532 
-63.9539064369 -3.88760951057 1499546.16487 500196.630545 -21.2860869908 37493.431896 3.24094755336 0.992102441196 4.73806586186 -1.19157658947 1.76751613966 
-65.8422449113 -5.88638807519 1500721.64703 499638.004388 14.4513919456 37099.3020368 0.0895297281485 1.07154011113 4.91901255489 -1.165711001 3.11602976975 
-65.8376653229 -5.78428104892 1498246.82512 500618.541051 -22.1296774598 37690.178479 3.18853775741 0.984390919573 4.73115407053 -1.18434039124 1.75775901452 
-62.8002463002 -2.79750824976 1498556.73044 500397.82112 -14.2312948765 37487.3719463 0.363187714984 1.00085859693 4.77033440198 -1.1678190732 1.67583296813 
-64.980337998 -5.07291868737 1500558.6042 499751.896739 -25.8478548071 36288.4083749 6.04241768278 0.99031360478 4.71427549908 -1.12147244928 1.60318198602 
-63.8014646475 -4.71589791612 1499741.86778 500265.616286 -450.94969467 37332.7862074 6.02424337158 2.04725638686 3.55444428004 -0.375856572641 2.75658294913 
-62.8902133448 -3.74243770435 1499737.06761 500299.411968 -442.117352075 37175.1834633 1.7617630045 2.10081851254 3.52793508792 -0.450304562981 1.11199718292 
-65.7124289451 -6.62402617466 1499494.49841 500332.15393 -444.51476877 36874.3931893 0.0101732039888 2.04941494981 3.58447677686 -0.380265221577 2.77879943291 
-65.483381039 -5.47616099741 1498044.33852 500552.505367 -8.37364533875 37192.939147 0.636588375341 1.02432003235 4.80082955589 -1.17589823025 1.66545397856 
-63.2032672594 -3.22318300954 1500876.27536 499720.672112 9.2288829642 37220.1903315 6.14600405418 1.06061879388 4.8955880894 -1.17331663664 0.00938154925853 
-67.7453353154 -8.6043829862 1502330.02446 499297.953319 -430.301640223 36686.2388524 3.7729883645 2.10717946666 3.6152621163 -0.428386767347 2.80455219731 
-71.1316867377 -11.7015654412 1499655.27647 500421.917723 -403.192525413 41599.8822267 4.85650808282 2.38944749145 3.63396659433 -0.540492002682 2.88231793069 
-65.8045906926 -5.77595332521 1498981.63078 500393.243287 -34.1804581775 38208.6754997 4.15854456746 0.93018702087 4.67132310937 -1.15774626244 0.162939114101 
-62.9140339878 -2.9663842211 1499624.65029 500312.602974 12.4935468379 36977.9687417 0.000391170104293 1.07002802801 4.90717680687 -1.16154881503 3.12139380554 
-62.3158821889 -2.24449425493 1500262.92042 499930.548849 -21.9315691898 37831.9049652 3.21171430797 0.983305551674 4.73498655592 -1.19131458173 1.76874027153 
-65.0176796897 -4.94915656908 1498870.5773 500361.353759 -15.6876296831 37525.1862559 0.347613338126 1.00539115467 4.76561127894 -1.19589456278 1.75036181109 
-66.4371059148 -6.49175088003 1498574.39913 500628.237567 -39.6705944653 36757.466934 2.23330860895 0.945073668947 4.64665146248 -1.12451890722 1.63066474875 
-63.0501674226 -3.28942965576 1500971.56703 499592.806506 -17.7858860035 33406.4937237 0.0708996635063 1.06430786908 4.74629447848 -1.069054342 1.49378361967 
-63.2030761475 -3.15979778569 1500332.87836 499771.358936 -25.5531230798 37964.5333908 4.59232128268 0.964980677691 4.71401929122 -1.17486569597 0.183099273094 
-61.4757328502 -1.59367913043 1499795.5825 500066.645033 11.4981794493 36483.0925745 3.06646425229 1.07102525916 4.89007173644 -1.13238212012 3.08872006647 
-62.2704629486 -2.16264409898 1499826.98543 499946.712584 -32.2692686556 38193.389501 5.91448007397 0.948874482408 4.67765680956 -1.19641769975 1.85487380338 
-63.2752006565 -3.2052566841 1500592.02435 499786.419627 -27.2437241657 37910.0417442 4.53969768321 0.965142348792 4.70689568981 -1.18580297392 0.216038278918 
-65.5637163 -6.46649035602 1501950.72055 499585.28361 -440.417922987 36616.3322797 4.90896630393 2.0591745055 3.59918325836 -0.389048962955 1.22403595382 
-64.922739274 -4.85435675096 1500499.5158 499735.253735 -16.1032204888 37324.2613069 3.48145949477 1.00877514219 4.76796750808 -1.19674523183 1.74803393168 
-66.0072910175 -5.82136830827 1499005.898 500205.217149 -54.2009671106 41473.2834242 3.34673067316 0.789930359159 4.56455671092 -1.17342835265 0.366705205121 
-64.2348972452 -4.23443240323 1500213.6806 499882.145831 -19.0410602505 37431.9769408 4.8655182473 0.991067200332 4.74868243745 -1.16409524518 0.118377075274 
-62.2721602503 -2.26176645514 1499765.4133 500051.535395 -8.6640228229 37418.2246713 3.76904802225 1.01751500105 4.80214754809 -1.17542100761 1.6609250256 
-63.5623490048 -3.61482106405 1500356.88178 499900.919286 -3.49722971 36751.4066425 0.830876037153 1.03793563252 4.82401990333 -1.15364475771 1.5978053285 
-65.1151751724 -4.98987749917 1498132.00298 500645.698151 -23.1416698754 37647.9663196 0.0548858385106 0.990534372855 4.72621108957 -1.21394252754 1.83785973357 
-67.9262003554 -8.73808159237 1500738.94436 499760.828242 -424.198262247 37337.4704904 2.46191007737 2.15629504217 3.61151825904 -0.462789065903 1.22051586391 
-66.0720893265 -6.00462218956 1499375.06805 500402.59881 -21.9946951586 37548.3599319 0.0695403754695 0.987767071014 4.73311553705 -1.19078938528 1.77576332189 
-64.0097851182 -4.01350107498 1498975.90485 500410.845748 6.82179560813 37298.8168087 6.03602360219 1.05427838987 4.88293969513 -1.17853112936 0.0239752936722 
-63.679142125 -4.5564987869 1500763.37556 499857.377683 -426.772566466 35806.7270989 0.749554995878 2.08442832544 3.63968843056 -0.416808952734 2.83670240399 
-64.0239627703 -4.02919736109 1499214.69975 500169.978083 -16.1086079483 37253.040991 3.42425227654 1.00207316203 4.7617186821 -1.16474565538 1.6825423221 
-63.0788624691 -3.2150698686 1498789.11664 500408.010286 7.28066804445 36185.0900746 4.43297136021 1.06935499069 4.86585930725 -1.12328046521 1.5203771215 
-62.0500832384 -2.02220832335 1498409.78491 500568.414567 -20.6434635224 37767.2289407 0.0876680843915 0.980997757448 4.73792302815 -1.17285037134 1.72059021587 
-64.5381519403 -4.45238999999 1498478.68656 500557.898307 -14.6711516295 37298.2723748 1.98482133938 1.01693258853 4.77437006349 -1.20533876056 0.193832314385 
-60.8721909786 -0.920480801491 1500971.74401 499659.895922 9.78219685995 36930.1717386 1.44763765609 1.06550579298 4.89402832487 -1.16240645123 1.56175399857 
-64.0449635966 -4.09430050652 1501008.78409 499681.590257 9.72220534648 36910.2473302 1.45025732984 1.06434090496 4.89482908068 -1.16164386487 1.56243670043 
-67.6028832433 -8.30959089415 1497510.12608 501207.274359 -417.606794211 38793.6072938 2.92436683941 2.24812688149 3.56586131461 -0.53134355513 1.00629835679 
-62.3158566903 -2.3708997427 1499254.11001 500309.503265 -14.7692958782 36999.505301 3.44249453976 1.00635703375 4.76486155996 -1.14378483026 1.62518217101 
-60.6402694307 -0.687592537142 1500487.69822 499819.703 14.0094854118 36979.8977541 0.0706853425647 1.07374885711 4.91672161064 -1.16477230625 3.11836963669 
-69.8352606278 -10.1837422024 1499954.79589 500314.178071 -402.140625891 45940.4024745 0.559620792874 2.55381805296 3.61445192881 -0.561168092885 0.932546908054 
-65.3510572529 -5.2469168735 1498504.29787 500352.354566 -16.1201953539 37321.0236565 1.91912328237 1.01283483656 4.76583524372 -1.21149037354 0.209603395434 
-67.1349913622 -8.05440676247 1500703.59208 499989.718179 -434.72269439 35691.2755804 5.12630707268 2.03991009365 3.63867866891 -0.372510244707 1.26405957778 
-63.5700977615 -3.65023935575 1499495.71335 500210.980811 -25.3017665933 36428.8682356 6.06169339989 0.990410813168 4.71409562221 -1.12735590395 1.61009808833 
-63.5983753721 -3.63761947094 1501628.18575 499362.442697 7.46604719801 37063.673909 1.35016532004 1.05740937245 4.88355832068 -1.1644268873 1.57882319442 
-62.1313226738 -2.14067884313 1500588.82826 499787.374482 2.86862326935 37137.9384871 4.29680805991 1.04836890612 4.86330230037 -1.17485145653 1.61425050427 
-68.5869282155 -9.46568288421 1500354.85521 500065.187724 -450.230410327 36583.9615558 4.5642927365 2.06312020981 3.49329232239 -0.439129490165 1.09542656383 
-68.8744103687 -8.67002876499 1498391.51882 500632.356688 -57.7494422311 41861.2741737 1.62809527276 0.764896139603 4.54765510637 -1.17029860616 1.96068800626 
-67.3951675457 -8.26878159097 1498659.26775 500484.848899 -421.660207271 35374.2059214 0.945344606439 2.08626168186 3.65627796191 -0.423201152257 2.85183158669 
-62.6021443915 -3.45702146809 1498922.62326 500632.426406 -439.997908349 37346.5030513 1.82460035596 2.10320512382 3.54826629615 -0.441566719998 1.13980856559 
-62.3110575352 -2.20275597251 1500090.24848 499976.790728 -1.57666473038 37073.0462575 4.14689347671 1.05310964473 4.85570639607 -1.22179858365 1.70027164732 
-62.1498510971 -2.2973550075 1500918.21068 499678.753713 6.82849275602 36098.950836 4.40479096764 1.06672126687 4.8632152414 -1.11713367329 1.50878181768 
-64.7440958526 -5.64012720413 1499615.00348 500311.752346 -442.658846524 37162.776417 3.23666727136 2.06851828966 3.5825545423 -0.393473775025 2.77345059212 
-61.6805568812 -1.7683749377 1498661.60395 500408.676423 -0.829564939676 36642.5109506 5.64609108037 1.0433191923 4.83070699069 -1.13915288515 0.00123153365231 
-64.8112043153 -4.83222705009 1499630.25157 499984.549157 -48.1337614407 37462.8574491 0.253605497809 0.902271517771 4.60836011215 -1.12540411879 0.0648658748899 
-65.9784814391 -6.84424942103 1501440.72624 499784.225628 -446.664107675 37156.7083747 1.57981677619 2.0850150538 3.5136814942 -0.440765743106 1.10569497492 
-64.3638696392 -4.45244210097 1497628.06244 500700.327298 -3.98612580273 36606.4870868 5.4932146799 1.03802401473 4.81459852495 -1.13742137467 0.00407861752101 
-64.2314627133 -4.08504558296 1500615.38663 499767.689889 -47.7911531685 39910.0250342 2.08294067414 0.857965677994 4.59683808066 -1.18308446127 1.92882516185 
-64.5138322428 -5.39122173714 1498360.17951 500692.054438 -426.661381642 35847.4879583 0.740077251855 2.08318063579 3.63763292745 -0.418171032793 2.83214204813 
-64.4613487795 -4.47718459961 1499844.88077 500033.140097 1.45532928785 36954.3758013 1.08572621287 1.05137197662 4.85531488974 -1.17285936109 1.61317606887 
-62.4979095725 -2.58636151522 1499070.24292 500410.150665 -12.499181271 36471.3241051 0.389788278208 1.01927255002 4.77493440808 -1.13203570594 1.59219828455 
-66.6773397825 -7.49013921374 1500200.5171 500115.767537 -426.744642029 37750.2371034 0.801291737732 2.15495874225 3.59962161384 -0.462017538585 2.76720197127 
-65.6516325823 -5.52586584247 1500327.56054 499915.895125 -48.173397889 39938.9329732 2.02462266274 0.851859230935 4.59827429119 -1.17227530858 1.87781649527 
-63.0565434807 -3.0874751684 1498948.23805 500274.87934 4.79739720463 37156.0080292 5.93950461534 1.05148372635 4.86784855327 -1.16653321226 0.025080079532 
-65.7913273368 -5.73828720325 1499518.36446 500288.87897 -29.1915674633 38112.3968154 4.42655297216 0.952135957246 4.69621915809 -1.17496991913 0.193983900652 
-63.7972937745 -3.77511453815 1501808.76435 499332.160171 -19.1961553869 37538.0075498 0.156825409456 0.99008817071 4.74906895624 -1.1730754347 1.705456862 
-64.0886804197 -4.98366764688 1499934.66926 500222.196119 -454.981592916 37019.4092551 2.76665238004 2.05173160584 3.48856756897 -0.416676557384 2.67709542041 
-69.8252626205 -10.5845772323 1499847.13517 500516.365939 -423.63921436 35979.3948334 4.31601679496 2.16974760907 3.52121271872 -0.540419751321 2.50493619315 
-69.0151318152 -9.14956469776 1499281.98549 500371.896114 8.35381883718 36222.3850715 4.49341791965 1.06973781761 4.87270563949 -1.12410885246 1.52297986933 
-63.5944453381 -3.63460333471 1499407.35197 500340.40652 -11.136034493 36984.6503969 5.19746048129 1.01623044607 4.78572439934 -1.15317787436 0.0576719506827 
-63.2166809343 -3.25044290803 1501096.12188 499554.505406 12.2982358738 37018.5726766 6.28103548299 1.06980057734 4.9114305232 -1.16969745139 3.12753443875 
-62.8495119563 -2.95993422391 1499732.52922 500180.99622 -5.52002365597 36148.8277155 5.41787653039 1.04175965058 4.80685948339 -1.1280426449 3.13760849833 
-67.9208564005 -7.96484671207 1499585.89697 500112.090859 -38.9383605163 37056.0487275 2.28682184701 0.935730813791 4.65093846956 -1.12652032065 1.6457029636 
-65.7395093704 -5.80484705092 1500923.81867 499609.16996 -3.15762300774 36609.4379291 0.838691048668 1.03943049517 4.82477597696 -1.14838752631 1.58548797543 
-64.746348236 -5.60845001053 1498581.42855 500703.988635 -443.125202301 37184.3936498 4.83996465134 2.09091507639 3.5304658477 -0.441565750265 1.12292690225 
-63.362010383 -3.48852463439 1498806.11502 500379.802745 7.40890198995 36428.9456059 4.43870342851 1.06414350921 4.86639175708 -1.12656113781 1.5259485355 
-62.5985993617 -2.53135266178 1499437.76237 500125.408661 -18.5765970212 37619.4410548 3.35569470711 0.993758422288 4.75158682371 -1.19246982659 1.75172395339 
-65.179900703 -5.21349690936 1499255.37867 500277.386992 0.821934754851 37096.8705786 1.03182074132 1.04340754502 4.84686659489 -1.16329529661 1.59340380782 
-72.4060076666 -11.7227480912 1499306.33502 500278.064806 -71.0579936117 49324.5154481 4.12849199757 0.430426718328 4.48520591554 -1.15843282605 1.96839889328 
-63.9592813673 -3.92746180936 1499877.94046 500004.882804 -8.36967169059 37303.3355983 3.80407738583 1.02191587753 4.80562077481 -1.18535840274 1.68661111884 
-64.2344452078 -4.9596984043 1498408.8194 500807.567198 -416.745666857 39159.2039327 2.81796668304 2.24317983136 3.60131806852 -0.506140789753 1.16791766541 
-64.9125652017 -4.80184246309 1500459.98352 499957.584585 -7.29393635349 37215.5971609 3.89268897501 1.03635611411 4.82055803161 -1.2190522689 1.73694962915 
-64.5593210646 -5.41364347096 1499930.94266 500168.441469 -444.381056168 36216.9457939 3.27671213009 2.08269077981 3.4917298143 -0.467383093936 2.62868137522 
-66.3346209278 -6.13630088023 1499297.00331 500172.078735 -68.7478548073 36969.8135578 4.55042574511 0.884349638153 4.46551020259 -1.21211467345 2.34828303843 
-64.4426503569 -4.45716306672 1500371.06279 499886.939098 -45.4369894746 37596.1211901 0.40296912317 0.906231728906 4.62151360439 -1.12983117272 0.078652402578 
-62.0601765424 -2.2148699828 1500313.85686 499925.57657 7.08714845343 35964.6317063 4.41737870119 1.07096264253 4.86340151946 -1.11471137161 1.50878332461 
-72.7007340542 -12.6297431231 1499073.98453 500315.228769 -27.2875819237 37869.5180496 2.95037914422 0.968978860386 4.70345132736 -1.18727781413 1.78028430406 
-63.7737844817 -4.67061716283 1499755.6448 500192.63881 -442.972852148 36969.8641696 1.65147393955 2.06586173693 3.57926251648 -0.395352248473 1.20265169693 
-64.3377893099 -4.15721450199 1498960.29011 500298.985879 -53.2528744029 40481.5236501 5.01422647968 0.824176319469 4.56547441396 -1.18470262456 1.99915016889 
-64.9887738463 -5.12020528549 1499181.25351 500342.21738 -4.55189424259 36080.397977 3.87443675471 1.04144396894 4.8081363821 -1.11788372061 1.5450474921 
-65.1227197403 -5.84604473459 1499237.98243 500504.303383 -420.535901459 38790.3344962 2.77339154057 2.23563496715 3.56633492261 -0.520231852557 1.04545278077 
-63.8762469058 -4.73187419807 1500196.14003 500209.632346 -426.443895538 36358.5744358 0.770706558906 2.10792278302 3.62579499869 -0.433984366585 2.8177315533 
-62.4968647593 -2.57344157377 1500572.94163 499870.19474 0.38538312992 36805.9824565 4.13885753188 1.04386853713 4.83962488282 -1.14435106602 1.57345483158 
-68.1510967512 -8.84061096224 1499249.80267 500556.744628 -411.846739265 39548.2776385 4.55130953521 2.27927070825 3.61553337309 -0.5165840077 2.80033757462 
-64.4717572316 -4.54887170903 1500951.12529 499540.037315 -32.4716541725 36379.1530492 2.57900432601 0.970530606082 4.68209068319 -1.12261437418 1.61428586419 
-63.6286580288 -3.71863664128 1501451.91471 499558.80721 3.64168236253 36728.7252776 4.29088058818 1.05179631883 4.85605698612 -1.14033451298 1.5578397999 
-68.7721490121 -9.45333698357 1500521.94583 500119.916644 -408.351526476 39383.9213506 1.53291477644 2.28627790691 3.63055153678 -0.520621219753 2.84548923908 
-63.9500660433 -4.77852362744 1499260.56602 500584.432648 -425.016500815 37122.2465554 2.41289271108 2.13701484067 3.6155570225 -0.453216683165 1.23047879667 
-66.0400773799 -6.00354412559 1498578.92517 500382.280628 -29.6331321373 38250.2420112 5.94470935039 0.94536120847 4.69266278633 -1.16611736252 1.73339617089 
-64.2997129565 -5.20041897602 1498145.59237 500823.202284 -449.755214219 37334.7933765 6.08099645422 2.05748068386 3.54047896693 -0.39635901678 2.73456053476 
-66.6331900211 -6.54339680856 1500792.36029 499658.246633 -11.287817571 37219.3795553 2.13859481927 1.02693426651 4.79681495537 -1.20929614461 0.174581541113 
-63.134274081 -3.07762774348 1498613.76318 500422.789167 -16.453319571 37543.2505908 3.44301216432 1.00253581935 4.7620228945 -1.19048222488 1.73481635953 
-65.0053958611 -5.86765432754 1499811.30132 500325.266971 -411.753758421 34091.4610515 6.05775762609 2.08934212707 3.68519507336 -0.442999185632 1.33451588981 
-64.4030741164 -4.43934195419 1498530.77989 500455.132689 1.38306222698 37197.561135 1.06089520002 1.04392421614 4.84828465445 -1.16232591498 1.59912716034 
-69.2614083346 -9.33610059868 1496974.3964 501066.908871 -37.8777300838 36331.6700546 2.31175397481 0.959549986788 4.65502669088 -1.11992111514 1.61760418671 
-65.822260069 -5.92342034692 1499182.10043 500129.444578 -25.6368112353 35982.8112209 1.31730811804 0.993716546182 4.71195236755 -1.11847439767 0.0212836541967 
-70.4481376864 -11.313149512 1499381.3465 500194.861901 -427.386145298 36251.505215 0.710745344253 2.09880756372 3.626344483 -0.426489618769 2.82711453179 
-64.3469507722 -4.32471619663 1499023.64144 500317.308906 -8.02770177997 37317.5662292 3.81171385885 1.02288090133 4.80507010779 -1.1816669446 1.68051497969 
-65.0148860343 -4.89381351229 1498777.15614 500234.802498 -9.33152710391 37139.3890424 3.80354954612 1.03523883844 4.80810518519 -1.22279429483 1.75464366021 
-63.5733936674 -4.40194558294 1500399.06462 500101.151118 -419.356559798 36303.682459 1.05877074035 2.13463209455 3.64036119726 -0.456535310847 2.84648245532 
-61.9048062545 -2.03127717658 1500851.38356 499629.41164 16.9649086216 36426.5045242 3.31222728363 1.08265872474 4.915954844 -1.1314013765 3.06632612451 
-64.8329756886 -4.84002052003 1499373.57103 500216.313684 -45.0710732634 37715.9664468 0.418042664379 0.904377304495 4.62029592903 -1.13266130942 0.0886132096835 
-65.2256552459 -6.09932232439 1501282.84582 499887.126657 -445.115797596 37246.548887 1.62182182504 2.08335164277 3.54101133518 -0.425494201149 1.14151527915 
-62.8463488605 -3.68225887476 1499148.62838 500519.636083 -429.081162163 37281.9309295 2.24945832207 2.12943641464 3.59993138073 -0.448109351675 1.20934093113 
-66.1696702346 -6.23047290486 1498613.15535 500352.269336 -40.338817481 36817.9040768 2.19724342663 0.940351498832 4.64504453567 -1.12015904307 1.62132262851 
-67.2177697905 -7.33803774684 1500997.9739 499722.554042 0.0979360206065 36430.6343599 2.54064062481 1.05010292046 4.83472517304 -1.12569275841 3.11720940576 
-64.7290261287 -4.71287414979 1498706.28142 500513.371224 -30.5291191601 38057.63369 4.31835354537 0.946867197651 4.68821934758 -1.15760535524 0.147212134979 
-64.4986823078 -4.53634227032 1499847.16623 500083.521123 -38.7077264406 37258.4567931 2.29427470452 0.933011602578 4.65160204339 -1.12851622605 1.64412110862 
-64.7626362396 -4.77400512737 1499422.13112 500250.215513 -49.5732207363 37599.625708 0.189610896374 0.893569556195 4.60130576995 -1.12651310676 0.0730484004303 
-61.6888457771 -1.58721337072 1499571.28222 500140.416362 -1.91931360706 37094.0734104 4.1316544171 1.05128241553 4.85226488277 -1.21898685694 1.70344664609 
-62.3365847707 -2.31100386905 1500159.21228 500015.42891 -26.0282458481 37768.6774409 4.55137400497 0.96800076134 4.71242067975 -1.16812079214 0.157657447293 
-62.6368839738 -2.59338483086 1499783.4279 500060.286416 -16.4268522146 37791.4951292 5.00940919522 0.99408933368 4.76195420812 -1.18294648645 0.152681774812 
-62.9241360611 -2.96836912038 1499252.71349 500183.697367 -13.5548461869 36868.4806287 3.50586743833 1.01159605917 4.77206554036 -1.15026271177 1.63079087404 
-63.9473397279 -3.99043991522 1498769.76478 500336.466759 -2.74028063978 37082.0565331 4.01657568763 1.0367384579 4.82744683671 -1.15754709159 1.61000679404 
-63.5345672104 -3.63197593961 1500933.58951 499602.43071 -28.9952336467 36109.9555391 2.73709882277 0.984000437952 4.69854133906 -1.11713366305 1.59663680491 
-62.6819766658 -2.70958266244 1498713.91276 500435.173254 -0.48416910381 37067.8111233 0.986885253282 1.04268711285 4.84164170316 -1.16571152855 1.61105042698 
-64.8184420431 -4.89376180083 1499017.18923 500387.490765 -40.4530993224 36213.39257 2.17769360887 0.952917246706 4.64462789634 -1.1173393355 1.60601557989 
-73.0074906667 -12.2871478957 1499533.80065 500562.257641 -400.50301031 53383.1543022 1.65740215511 2.94980417066 3.62205074185 -0.562405299739 3.05263560249 
-62.987456428 -3.07227690157 1499015.73145 500382.454821 -5.29170915884 36752.3764815 5.4406375593 1.03043866171 4.80981410244 -1.13693490547 0.0105601041464 
-74.2596605869 -13.4723250488 1498225.99509 500665.571202 -70.2264600061 50219.0418836 4.8577137505 0.385764131337 4.48583618738 -1.15870211764 2.67193929292 
-65.859492157 -5.91329977941 1498944.7717 500221.416542 -38.347508613 36831.5388534 2.30400016814 0.942784053325 4.65367308478 -1.12439675393 1.63398783611 
-65.2507785242 -6.12837089354 1497846.29472 500785.955995 -436.7723943 36894.2766706 5.04297463899 2.08467928008 3.58934710193 -0.41615866583 1.20606856198 
-63.3289257488 -3.3246928883 1499138.30595 500291.69957 -32.2639236949 37786.1439187 4.22403116767 0.943587755801 4.67967061692 -1.15135630931 0.134769904352 
-67.9397506048 -8.79165141436 1498998.16312 500482.532126 -408.217815762 33832.1247408 1.47535470239 2.09737293908 3.68961624934 -0.455363311008 2.92116738251 
-64.8962382816 -4.91025685228 1501096.54065 499492.172272 -9.90699094022 37214.1072017 5.27732286695 1.017981432 4.79588644098 -1.16530788121 0.0786745412974 
-62.5684838466 -2.70391058305 1500542.18018 499837.110132 5.25231560129 36025.0141505 2.77382875617 1.06583622718 4.8572658906 -1.12271185838 3.09900315279 
-63.3742984512 -3.30547053867 1500614.43244 499829.156305 -16.1032204888 37324.2613069 3.48145949477 1.00925008483 4.76796750808 -1.19693354213 1.74815221203 
-64.3485222265 -5.15618583676 1497871.75567 500888.133271 -427.64893359 37821.4059321 0.760031535379 2.15771918011 3.58472938529 -0.468621173553 2.74134201111 
-64.1598870019 -4.03903726873 1498597.78121 500572.218397 -18.8110181584 37416.206916 1.82014042837 1.00539809452 4.75158943904 -1.2157919909 0.244872658687 
-66.1288806496 -7.06126870599 1500711.87624 500018.175613 -438.655723793 35857.4869359 4.95239607754 2.02779283687 3.63276493643 -0.354138164458 1.26342721845 
-65.7837780145 -6.63771197165 1501424.29525 499653.635089 -445.763321366 36133.8615413 3.23796927843 2.07997837196 3.47919816495 -0.471213334008 2.61696712102 
-63.138130126 -3.229524925 1500508.49747 499754.908769 -23.9486154786 36277.7106988 6.11986729733 0.993672580471 4.72107136657 -1.12311251727 1.59703048054 
-66.2407547012 -6.22238812561 1499705.78448 500073.260311 -36.0432883872 38206.6625252 4.04646490081 0.923200355173 4.66172887303 -1.15095210676 0.143978878044 
-64.9630054004 -5.04216102348 1499380.50913 500272.019665 -41.3172664975 36092.645967 2.14108640818 0.952301041627 4.64123016911 -1.11524527655 1.60817222028 
-67.0773554363 -6.97298426007 1499340.76799 500080.04266 -27.3836783856 38024.118377 2.98933204466 0.963017220673 4.70302033783 -1.19899997722 1.83220697493 
-65.5760875498 -5.6576321068 1500455.36668 499843.295863 -25.0493715773 36309.3563346 6.08839896383 0.995444655608 4.71646843706 -1.12829301748 1.62026714703 
-64.1116330403 -4.03015378292 1500827.3999 499634.208268 -40.3559606797 39073.7268174 0.771022145605 0.893276110694 4.63900701346 -1.16834278519 0.232371342642 
-66.5901037338 -6.56616999954 1500548.73021 499861.204071 1.19550178441 37183.0794263 1.09031423681 1.05227293163 4.85913138225 -1.18934982192 1.63840251612 
-64.8860430991 -4.66226192121 1499878.77607 499994.298169 -23.2788160853 36362.2120214 3.24768379951 1.02864921124 4.73045090707 -1.2566271029 1.91351845755 
-62.4065967547 -2.38826674339 1499607.90854 500080.235643 -25.1640555529 37683.9457229 3.00939293983 0.968868751393 4.71587720521 -1.16537746283 1.71552110521 
-71.4411648079 -12.3772491607 1500981.27073 499789.654259 -458.091991455 37575.1991508 4.15200822843 2.0237910396 3.53863100393 -0.350162707478 1.18115052434 
-64.1379705419 -4.20468981843 1500321.28863 499859.620109 2.06248799998 36548.4440202 4.22652725343 1.05412157217 4.85109054844 -1.15152465665 1.57657515587 
-62.2188054269 -2.16212079511 1501111.88061 499603.553194 -13.1481516073 37449.7790957 3.60206384698 1.01079986618 4.7824516178 -1.19257070437 1.72470256418 
-63.3326650775 -4.14458551689 1498946.28164 500695.944774 -430.676798104 37748.2895546 0.668928509382 2.14895505165 3.56734584859 -0.470952758265 2.70657594326 
-66.0878439488 -6.81880718493 1498553.84063 500830.902323 -417.10486731 39044.7443151 2.80259236798 2.2382643119 3.60372811503 -0.502590600468 1.16990920932 
-68.6653450665 -9.46700579929 1497850.82376 501031.908316 -397.503896956 33663.952878 5.00504859005 2.14421932713 3.69956960434 -0.49644827519 2.98923246998 
-63.0054195647 -3.09616300091 1500681.81836 499929.018455 4.76438436034 36620.4406671 4.33759491714 1.05593050922 4.86035786748 -1.14095742229 1.5536523269 
-63.1857689321 -3.23961238924 1500582.77355 499623.934261 10.637510644 36899.7140406 4.62629088178 1.06754680474 4.89702171465 -1.16062966323 1.55835431352 
-68.1432675527 -8.0178410348 1497614.0154 500915.976747 -54.6188951544 40735.6864536 4.73962590725 0.801482296236 4.56805619436 -1.15195705022 1.76347505176 
-63.790071461 -3.86223165155 1498498.35203 500624.189916 -14.9520875996 36650.9784321 0.282362089127 1.01179494449 4.76383811528 -1.1374440636 1.6098781199 
-63.2711804836 -3.29475886992 1499870.88661 500095.008328 1.06251045563 37012.7263364 1.06238529591 1.04702885649 4.85161810187 -1.16846939072 1.60657065877 
-68.5764395737 -9.3847968562 1498192.49205 500914.690027 -426.914890785 37868.5822332 5.49374598942 2.15938536211 3.59397364104 -0.464509236744 1.18987465791 
-61.5688156984 -1.62453001365 1500697.53293 499810.289276 -9.44864289144 36942.4091154 3.69883581393 1.0195719 4.79372675589 -1.1472316593 1.61305630386 
-63.0431097594 -3.08387195528 1500298.34337 499879.549732 -12.660840308 37142.0901848 3.5553680396 1.01143003741 4.77830584243 -1.15172580031 1.63190974653 
-63.1169856676 -3.96675298596 1498176.26982 500908.429161 -437.432348389 37362.4382059 5.06468865319 2.10915673119 3.55826297602 -0.444782262279 1.15044922139 
-63.984322151 -3.89278762275 1498707.00444 500563.194333 0.921095396087 37121.2051226 4.24984688789 1.05689944565 4.8670927518 -1.21634239233 1.67954009084 
-64.7460954937 -4.8820653772 1501460.49036 499554.384801 15.7816983918 36302.479085 3.25003121935 1.08131693379 4.90761146899 -1.1264492652 3.06437646185 
-63.6738650647 -3.57111258968 1501016.06078 499509.668949 -21.6025145677 37636.3494962 0.106957620925 0.990934492327 4.73777180997 -1.20566176914 1.79936094212 
-62.7000266754 -2.63288119016 1500130.19483 499922.08953 -31.0488746365 38432.4831231 1.21010488272 0.940498253089 4.68524276756 -1.17748644831 0.217691212479 
-64.2100886095 -4.1448704974 1499222.16534 500103.216277 -15.3915539553 37462.1717149 3.50153487456 1.00545760853 4.76932793772 -1.19471933894 1.7393087237 
-64.5247516354 -4.76349466632 1500179.74415 499741.808416 -18.1149766836 33329.3389898 0.0530436272903 1.06443609644 4.74470231249 -1.0695038192 1.49241183847 
-61.9125996851 -1.81719330105 1499730.64095 500033.249887 -10.1098220468 37224.3980895 3.76013679683 1.02750595661 4.80192382315 -1.21152557658 1.74219832953 
-65.9485333117 -6.08572350012 1501132.29866 499445.850407 15.8601295074 36234.6438621 3.25285706341 1.08297777057 4.90762601485 -1.12649619528 3.06433896571 
-64.7533178538 -4.71408457775 1501221.78066 499537.383138 -3.50405586252 37151.1661174 5.59304661187 1.04058841021 4.83484048708 -1.192838055 0.0936475940437 
-68.1117808504 -6.67664366285 1500099.38881 499938.290022 -70.3069615528 53175.6600534 0.493448746826 0.198283194431 4.48861420354 -1.15906959273 1.43888012995 
-65.3764495882 -6.21002545976 1499883.10397 500058.207531 -437.847645232 36929.8873231 5.10857514144 2.11560841103 3.52752650667 -0.470899198104 1.08798541959 
-62.8290324368 -2.78369517229 1499007.15298 500380.918692 1.07583172265 37397.9594578 4.23430520691 1.04373601824 4.85934353309 -1.19589416072 1.65268426383 
-74.0771730172 -13.8513895577 1498102.43625 500959.102225 -34.3099456052 36407.1340709 2.7847261919 1.00052478695 4.65749625774 -1.25130698403 2.01644679077 
-64.346925442 -4.24324869295 1500198.29866 499973.681333 -5.69712397187 37219.7402265 3.97167026132 1.04043172292 4.83089761597 -1.21739554813 1.72840150671 
-66.6943875985 -6.58643741999 1500362.86726 499869.680201 -4.67266031033 37281.0397612 4.01083434495 1.0422968638 4.83572407239 -1.21940460298 1.72265170207 
-61.6655071142 -1.5577222578 1500375.4453 499805.495129 -12.3099457199 37211.9048168 2.10050824969 1.0249022919 4.79080733669 -1.2155669587 0.19394493151 
-65.4990029675 -6.33527983306 1497604.85783 501109.314398 -431.172190453 37447.0539229 2.16186481275 2.12836480578 3.5883850205 -0.448431696948 1.1924140145 
-62.2351739644 -2.25664057024 1499004.85914 500408.849351 -20.3851254743 37464.8009888 4.77003555499 0.983757993152 4.7383772061 -1.152275986 0.0928249438164 
-62.8477617946 -2.90653232834 1500453.89651 499791.578206 -4.99864862169 36762.5387169 0.757452396833 1.03664650971 4.81498051319 -1.15057169815 1.60050125804 
-62.7769819187 -2.74178957869 1499048.32936 500281.762117 -9.09523738863 37391.5206854 3.77404766367 1.02024968971 4.80222500953 -1.18631120159 1.69196513144 
-65.7702833527 -5.7292277643 1497543.9462 500941.904989 -15.5415438436 37689.0769355 5.03809648313 0.997989135112 4.76473324427 -1.18287097981 0.141741149223 
-68.4467086386 -8.30619473837 1500173.11952 499783.003109 -47.6307486 39667.25874 2.08373805393 0.864507236168 4.59578969816 -1.18307571531 1.92879830598 
-65.0566254353 -4.98585101287 1499511.05305 500215.494044 -9.56880090567 37108.6763174 2.20565965142 1.02911498364 4.80271831745 -1.20243336603 0.156991848086 
-65.2750868477 -6.05802418664 1499712.82192 500382.555408 -415.486976015 37170.6752809 5.93994103889 2.18309183747 3.63429015875 -0.482528859614 1.26881558443 
-64.2967690372 -4.10931936279 1498675.50635 500412.854565 -41.0578671969 37198.1589369 2.47290947408 0.959630801784 4.62013401728 -1.2289858649 2.03171383162 
-65.7327887513 -6.52299642342 1500316.64297 499937.373175 -430.009140456 37547.2149278 0.764283359179 2.16310202199 3.54246900002 -0.495608966604 2.63771418313 
-65.4582935241 -6.3150627634 1499482.92692 500355.098765 -444.076353829 37204.0189607 4.82333514965 2.09425233673 3.51797314996 -0.448919987403 1.10149825702 
-67.2770312043 -7.22926662152 1501999.1756 499426.301741 -24.170705333 37624.7860669 4.66453807853 0.977267239783 4.72340570883 -1.18003896685 0.181584650201 
-64.6456054822 -5.47355947923 1500899.96036 499962.571055 -426.720643933 37140.9416977 0.790754226041 2.13825717607 3.60830784122 -0.452935262983 2.78504853553 
-67.2877035668 -8.16805435403 1498546.28402 500834.19825 -447.833094234 37009.9509543 4.63102753905 2.0707140128 3.51971584457 -0.426055965937 1.1236785997 
-63.8949470482 -3.89472137764 1499240.01155 500169.972593 -8.65233641197 37173.6136025 0.620415794641 1.02447557833 4.80010017736 -1.17299676995 1.6586726397 
-61.7594476562 -1.83925008529 1500959.10429 499628.526356 -0.127247189187 36600.2289534 4.12162353218 1.04778808175 4.83871622513 -1.14401961221 1.57393607797 
-61.9185527939 -1.93572801351 1500484.87045 499949.651101 -2.85030894182 37184.7976949 5.59839938552 1.03584828308 4.83145004346 -1.16836011988 0.0541588067129 
-65.6847842942 -6.51031526527 1499611.14769 500361.282016 -435.20470005 37467.6784894 3.63076697749 2.13008054128 3.54544665311 -0.468350110334 2.68661840144 
-64.3904497374 -5.23424947553 1499327.98004 500434.49041 -424.066807769 36590.5540065 5.58149344013 2.12042493836 3.62897440266 -0.443373632734 1.24795605671 
-63.7834724914 -3.90967003629 1501257.55899 499611.051732 18.0810554873 36559.9717463 3.36210449326 1.08160349725 4.92129239071 -1.13115616872 3.063473979 
-67.3155007269 -7.13963467872 1497637.70524 500708.107195 -42.5725375392 37730.4518146 2.39479026119 0.940451156725 4.61209040093 -1.21989311245 2.02530824693 
-62.5851180666 -2.64494127198 1500531.48352 499939.959764 3.21088670069 36929.4922193 1.14231222024 1.05123656848 4.85808200755 -1.15372461908 1.57588919148 
-63.6201190543 -3.75502138934 1498873.58907 500441.698504 2.66367587194 36050.7019874 4.22011177726 1.06177979464 4.84333035633 -1.12183369055 1.53428137869 
-72.2690332553 -12.2610519584 1503206.43741 499173.799167 6.10004754203 37209.9786498 1.31338035258 1.05889461877 4.88794960815 -1.18426029785 1.60161428128 
-63.77180572 -3.84404869843 1498498.35203 500624.189916 -14.9520875996 36650.9784321 0.282362089127 1.01192730614 4.76383811528 -1.1374440636 1.6098781199 
-62.7281485737 -2.72344754706 1501751.18132 499417.653813 3.95034166225 37210.7611106 1.21281351003 1.05207325327 4.87257401937 -1.18153763988 1.61694577513 
-63.6546358652 -3.60867538594 1498851.08908 500431.199807 -24.0098092339 37809.6769748 6.23097992493 0.974574078635 4.72114232977 -1.17857835157 1.75115062929 
-61.4484854526 -1.47757876839 1498491.80847 500520.145003 -10.6807732262 37118.6267815 0.509875015059 1.01680721351 4.78698025155 -1.15832158976 1.64035924303 
-64.1417670751 -4.02918517159 1502168.96457 499240.305441 -23.3878415162 37512.673516 0.0459566869478 0.991972419013 4.72948132695 -1.20956856379 1.82568436191 
-67.6668380137 -7.57055527112 1500181.79052 499889.179484 -0.687369110824 37097.9285163 4.17114489033 1.05356276183 4.85789333582 -1.21753233445 1.68429091705 
-62.6967618743 -2.75659838342 1500717.04592 499773.772557 -22.7157489105 36871.4842893 4.64256427876 0.988482881139 4.72888386393 -1.13632245791 0.0617769852404 
-63.0079678093 -3.8316969705 1498972.24395 500556.826046 -427.070096721 37387.3229746 2.34015268164 2.14157057956 3.59991944051 -0.457435001245 1.2015235225 
-67.2919978831 -8.10296541848 1498041.56122 501059.7649 -433.197213616 37427.1512078 3.74469652878 2.14194423638 3.54134907954 -0.481365270763 2.6527044888 
-64.3005219586 -4.37124152156 1497939.00639 500799.834374 2.00444376603 36746.3482184 1.07060254993 1.05076333237 4.84735033745 -1.14874839916 1.57171756517 
-62.3627586645 -2.25585997978 1501195.03851 499608.903531 -20.1645837593 37527.3753197 0.177595286217 0.997784607821 4.7467317847 -1.208812638 1.79693303257 
-61.8124069627 -1.91637857806 1500096.51858 499832.713861 -12.2203940306 36216.7140975 0.393077703352 1.02413347135 4.77608590857 -1.12632715811 1.5783026545 
-69.0248975012 -8.71429863607 1499367.84594 500269.835368 -65.0001563824 43675.8099394 1.45649263624 0.679688261386 4.50701864675 -1.17427875903 2.16036528592 
-64.0338928639 -4.91173784947 1498194.17535 500764.380661 -436.435135772 36841.8575057 3.48829822162 2.08444146422 3.59271666032 -0.415462136633 2.78278724584 
-63.5888752573 -4.47276990756 1500750.89266 500002.328017 -438.99066109 36787.6607236 4.97929050592 2.07707786074 3.58661369686 -0.410640303256 1.20008305854 
-66.105378413 -5.9455681995 1500482.93664 499965.224194 -49.4046412373 40251.4042058 3.59591890047 0.843647706835 4.58864719878 -1.18330011348 0.378937025663 
-63.2042087049 -3.10795903008 1501344.5812 499434.361171 -2.64815720074 37237.4144211 4.09939108496 1.04539874645 4.84879243695 -1.21583679557 1.70190821023 
-65.3037173518 -6.15589720954 1499645.80667 500468.421385 -445.028613575 36530.5459067 0.105509456658 2.08800190682 3.49109822155 -0.464859612591 2.63161219893 
-62.2387137072 -2.37346805492 1498014.81034 500683.364688 11.6254662476 36258.2010298 4.63045370937 1.07526072665 4.88569288655 -1.1254986506 1.51011890976 
-64.3428701912 -5.16511062393 1499148.30547 500615.86173 -425.085803311 37254.4640756 2.40886851024 2.14433167205 3.61108235102 -0.456367389125 1.22465946512 
-65.5239032318 -6.37705383555 1497910.84514 501169.760881 -419.84365711 35655.2388651 2.58477130072 2.10745082273 3.6508220696 -0.439052542334 1.28722186986 
-64.4784521506 -4.40062655148 1501122.81224 499640.067449 -40.3559606797 38988.9796003 0.770533613344 0.898701296126 4.63890686164 -1.16854644522 0.232031224543 
-63.5941219007 -3.62619601178 1499297.71474 500240.593072 -41.8845028485 37362.7777932 0.570651554869 0.92231036216 4.63736578384 -1.12738667034 0.0747470228197 
-66.0728931293 -6.71050517855 1498561.64898 500698.368097 -410.519663302 40965.8613952 4.66606099253 2.32906376978 3.60713450521 -0.529072778216 2.73199952768 
-63.5437299612 -3.61371963378 1499127.36979 500227.6406 -6.27281533649 36681.7859034 3.82948119811 1.02930541585 4.80615418022 -1.1435417682 1.5936019323 
-70.2253237661 -8.55711051018 1499375.22001 500170.247931 -70.7144822794 53475.4220354 6.01635594005 0.157485678203 4.48453663451 -1.16131493373 0.705390852829 
-64.1065892929 -4.9659969107 1498644.06788 500641.08163 -443.927565561 37108.2646842 4.81796867037 2.09170488972 3.51996292161 -0.446453912628 1.10436021573 
-63.9110356712 -3.87308009516 1499117.2328 500429.020718 -18.8334697604 37596.1250992 3.33188243516 0.994527310133 4.74951821357 -1.18067103732 1.73207267949 
-66.8663103272 -6.93193752319 1500489.1661 499937.774559 -21.9654100961 36929.1199796 4.66201454052 0.985749380051 4.73022363249 -1.1326986633 0.0494165421255 
-64.8472626126 -4.83404885 1499543.27478 500146.80226 -26.295454447 37719.4223292 1.38548669025 0.969179317473 4.71030252869 -1.16322815027 0.146484897604 
-63.5835527698 -4.4161042379 1498853.60721 500655.822635 -430.234745684 37438.9872021 0.645477106497 2.13124876644 3.58964428888 -0.452552691345 2.75719380031 
-62.0445926276 -2.15299520758 1500096.80388 499885.304028 13.8020080397 36626.2676877 3.17305331282 1.07388319927 4.90230113119 -1.13762561939 3.08888428647 
-62.2789233938 -2.29920750402 1500817.28653 499640.148006 9.15782895535 37201.4643172 6.14440825382 1.06015089946 4.89535374624 -1.17313611689 0.0100697978334 
-65.8196645324 -5.87174803554 1499805.07254 500269.605724 12.8498959726 36985.950349 0.0162572445812 1.06951852433 4.90804438421 -1.1615285806 3.12493007875 
-65.2318998298 -6.08576295269 1499012.90709 500678.739181 -404.814358191 33298.8144156 3.18554820104 2.09244234523 3.70339236864 -0.456354435084 1.3665321487 
-63.3167069757 -4.17991998396 1498602.34374 500671.755805 -413.677434242 34504.126269 1.26154414478 2.09157749972 3.67904060368 -0.438506253465 2.89182006903 
-63.9491253353 -3.83353319671 1500068.91047 500020.051126 -6.83711244601 37136.6718282 3.9157037922 1.04037623428 4.82434332702 -1.22174719364 1.73709715042 
-67.9413057587 -7.74750829628 1498938.08597 500286.017699 -68.6742996931 36899.7987313 4.54997341782 0.885816171264 4.46549422202 -1.21087100406 2.34781537657 
-64.4560751372 -4.50227861619 1498094.45627 500684.445911 2.23330642022 37096.9125335 1.09977853316 1.04522632475 4.85152187474 -1.1582581941 1.59384283679 
-62.2562139398 -2.37186259753 1498672.37066 500544.162906 -1.27619786621 36285.3871757 2.4742399321 1.04790190375 4.82663805253 -1.12724554301 3.12496190806 
-61.1915551537 -1.23061718978 1500675.66502 499758.967124 -6.73458359878 36907.0776586 5.40389511209 1.0294332434 4.80856535522 -1.15735669883 0.0503727481953 
-75.4036539557 -14.8377935485 1498474.80569 500348.25588 -67.7627656191 48315.9908602 5.54027834167 0.487544668541 4.4991098435 -1.1578880669 0.0887911373678 
-63.5516770218 -3.58349352505 1498950.97422 500315.400284 -0.0829492214589 37150.6822262 0.999665412047 1.03868732779 4.84155567469 -1.16292504712 1.60983918 
-65.2994405381 -5.45702705439 1499808.06973 499978.528841 1.97260885949 35782.2534365 4.16561968709 1.06215508321 4.83785128075 -1.1110039102 1.50887249974 
-68.7996103432 -8.71778476448 1498147.83292 500939.22823 -399.137358173 50673.4360873 3.23257018812 2.77177756536 3.62369271712 -0.564785176467 1.52192372879 
-69.9066597181 -10.8027158681 1499500.10825 500426.265773 -408.029111425 32626.9183615 4.6411157389 2.05003037383 3.71955631432 -0.415995456845 2.92494213305 
-65.3786169311 -5.43684475729 1498738.72239 500520.81247 -41.1239886437 36570.8429341 2.1576094599 0.943264342916 4.64094696705 -1.12222132685 1.62123456747 
-62.9579887579 -2.8863585036 1499658.30148 500056.83044 -26.6032813881 38152.4375169 2.98845779732 0.961370528725 4.70767793077 -1.1854565025 1.78342580888 
-62.1609198293 -2.04546682292 1500381.38004 499831.05074 -9.61943974786 37177.862741 3.79735640857 1.0333448976 4.80861533955 -1.22024186196 1.75426217943 
-63.3554162056 -3.47193457151 1501781.47683 499494.097324 6.96835893677 36340.0819577 2.86415164721 1.06537769483 4.86969375848 -1.13151186732 3.10321997653 
-67.7741822955 -8.65057420731 1500157.95715 500017.245525 -446.075782283 36895.7768059 4.71087226936 2.0756323602 3.52722941951 -0.430032600757 1.12983112013 
-62.939901383 -3.82793322997 1498088.01252 500947.537851 -429.093734581 35891.6462146 0.632360718625 2.07296366997 3.63547993178 -0.406064892404 2.83238162766 
-69.2633840105 -10.1046765424 1498728.10164 500764.437463 -435.149401359 37427.1872322 5.15549759647 2.11943175258 3.56734747739 -0.449341430329 1.16950825861 
-64.4003424347 -4.44436688349 1499740.57362 500049.402876 -2.75825140512 37034.7905163 4.02009203468 1.03426504148 4.82866603944 -1.15646471079 1.60828233248 
-66.7075032326 -6.5813512298 1501614.28293 499497.470804 -3.66295718152 37108.7241358 4.06402715438 1.04562508779 4.84732296548 -1.22667186289 1.7181683361 
-65.3000063905 -5.19555724971 1498715.58286 500327.86378 -5.27212227541 37162.5836845 3.98232311639 1.04018447612 4.83128793121 -1.21773034248 1.72372882032 
-64.7267793563 -5.58570993121 1499707.75619 500464.859355 -412.568627204 34462.5693947 1.31526309467 2.09586106471 3.68257026221 -0.441668652748 2.89842409525 
-61.4903168924 -1.51002494059 1499660.23741 500120.819012 -19.3188499855 37423.3294641 0.11391211382 0.988930896999 4.74487465658 -1.15463450861 1.66479633685 
-67.8313199744 -8.63385764638 1500837.48388 500123.206395 -426.929717621 37644.7304888 2.38948294736 2.16046951339 3.58679753334 -0.474195600363 1.17343960046 
-64.2265506751 -5.03701879643 1499746.65079 500399.445103 -427.544484199 37570.7505715 5.49404131873 2.1537516497 3.5878863175 -0.467727687339 1.17097644101 
-69.1624259955 -9.96892455791 1499928.00019 500126.47795 -420.537957401 37253.8944826 5.74481587092 2.16155674497 3.62650807149 -0.466148210949 1.24172145915 
-64.3509696607 -5.18901565671 1499038.76185 500538.276317 -430.397157657 37239.7203168 0.631223997987 2.12750684842 3.59512121427 -0.446240130257 2.76741477186 
-64.2162204386 -4.18683608493 1499635.44519 500189.696247 -43.5428184945 38588.3623558 0.537737065781 0.892136320904 4.62661203364 -1.14490566417 0.137112657673 
