#ess=57.7336018573 nsamp=288
#post like m1 m2 tRef dist phase inc lambda beta pol 
-63.983629126 -4.89968462731 1499197.53941 500570.73848 -563.296214432 38468.0033749 5.67177963591 2.12421576794 3.52514036401 -0.230981473657 0.652372922326 
-64.7080088108 -4.77920504008 1499813.47718 499907.363774 23.0666210604 38755.7376891 1.97844309233 1.03490177329 5.43103641739 -1.14459706488 1.63171017383 
-65.409305867 -5.6537820996 1501374.11278 499519.646893 57.2620112497 42702.3748481 3.48649917054 0.988498359302 5.45231368951 -1.03996420933 1.55213099509 
-62.4471303171 -2.4799280474 1500360.06347 499882.445889 17.368388912 38027.9220544 4.86778464354 1.04487987434 5.43322031839 -1.16403171796 1.63658625 
-63.3624082948 -4.28031825926 1499778.74582 500147.004806 -559.376943064 35574.4101766 5.86895524329 2.09587489387 3.50774881273 -0.289428610967 0.615728381459 
-67.9174759531 -8.84430461482 1499686.2914 500321.575072 -563.584790874 34858.7074748 5.66026049415 2.07441178151 3.47331260901 -0.299073713999 0.629771941159 
-67.6726998193 -8.5851322636 1501374.75159 499715.367744 -556.827128201 37072.5308551 1.29935776825 2.12053064989 3.5471077409 -0.255747886419 2.19070126927 
-63.4588226194 -3.53961076075 1499549.56074 500122.718548 31.2719370423 39549.8578858 2.33658286617 1.03465618441 5.47596545284 -1.14003268684 1.58191614995 
-62.6028804258 -3.52338694886 1499344.26139 500377.54859 -555.999825271 33328.7216051 4.45320772661 2.06903736423 3.49524637367 -0.328004023055 2.17031336648 
-68.0262437473 -8.95912571962 1500990.64719 499802.70388 -576.193806733 38143.0504135 5.08795162781 2.09551858828 3.44746537367 -0.233858601379 0.663180862551 
-64.9548945846 -5.87412650813 1500136.42082 500201.692531 -564.080471395 36981.6849191 2.5069348777 2.10640837656 3.50060988782 -0.261679703488 0.636132030465 
-63.6903092083 -4.61683847627 1498520.98339 500601.919074 -563.746325322 33695.7628878 4.07061343121 2.06014986358 3.44741867203 -0.324641836004 2.1941954495 
-62.3094853741 -3.22712515749 1499515.11085 500328.31425 -562.580272059 37360.6039395 5.71164915146 2.11328671154 3.51572126398 -0.252703343261 0.63826633367 
-67.1977051491 -7.29092580616 1501360.43819 499534.642321 45.6193855048 40824.5742533 4.5324099119 1.02961335721 5.5620942706 -1.1328533004 3.05815439964 
-63.2859946931 -3.2763336309 1500227.47696 499977.435793 -29.4094823778 33513.4495486 2.84278422826 1.06906240735 5.17672580633 -1.1873802468 1.93183759402 
-71.2568161098 -12.1934114967 1500862.83778 499868.398475 -583.065182942 40577.7497031 0.0256610510853 2.10860740774 3.43411528548 -0.179220859188 2.27819356466 
-62.7343021087 -2.73042860383 1499795.95365 499988.633129 8.77762827789 37211.922967 4.48796519076 1.05284787924 5.41032673658 -1.18144511606 1.66735900786 
-66.6482446564 -6.69945270883 1500036.96829 500089.069824 24.0127936668 38942.004741 5.15319096081 1.03479270629 5.45557856162 -1.15330810989 1.60317701261 
-65.6030502864 -6.52919965668 1499313.97637 500347.804217 -560.562835354 31946.0289254 2.64688363507 2.04001407145 3.43580844615 -0.355242887313 0.618231102348 
-63.1378183583 -4.06062230363 1499736.40482 500270.562011 -560.369422293 33870.3961201 1.10447393994 2.06935977983 3.47476790584 -0.320505010955 2.18420320368 
-62.9511178399 -3.04305680015 1498931.76261 500293.62378 6.44727866708 37568.608086 5.97927545542 1.02821533172 5.3096232113 -1.13310647331 0.190812753294 
-64.6455463496 -4.80698578455 1500215.82075 499984.34928 60.1266724597 42153.8674193 3.5978124195 1.02000699573 5.57511931828 -1.09647185223 1.45640138811 
-64.7955293598 -5.00532588188 1501223.17974 499634.600801 44.5845341684 41574.4717347 6.08499116901 0.994441558986 5.41911880398 -1.06196041043 1.60544793741 
-62.3296026402 -3.25016503129 1500020.24395 500130.107658 -566.75154243 38473.2767126 0.806796340924 2.11778538262 3.50688391608 -0.229999079491 2.2238855214 
-65.9162361443 -6.84884101257 1500292.61869 500009.084432 -583.033497066 42879.4480846 4.72821738045 2.12862620776 3.46049984855 -0.126492883924 0.728708936322 
-65.8306393762 -5.99074315606 1501800.9399 499473.636572 44.2517602889 41081.0874055 4.48684794953 1.01403615501 5.47272460737 -1.09524279681 3.13579141364 
-64.9362271452 -5.86607034877 1500276.88306 500255.372887 -569.365912493 34845.8693326 2.25720461116 2.06728545223 3.43421397096 -0.301070029455 0.639174673347 
-68.200695818 -8.37449083896 1499977.51585 500044.608363 42.8412738073 41057.2875045 4.42218772769 1.00674111338 5.44519074896 -1.08576297609 0.0158435594716 
-64.1944157991 -4.18929328979 1498757.2826 500428.360854 8.79122522943 37200.4967726 4.48192702774 1.05192235365 5.40869104412 -1.18166444429 1.66488920357 
-64.7513756188 -5.67328063492 1500819.19962 499814.75433 -568.079841391 38689.1280452 2.31631082958 2.11804425122 3.50261025291 -0.223928066387 0.660225642742 
-65.8414084803 -6.77219718776 1499287.84927 500496.812106 -573.820688841 37083.1424273 3.60793213448 2.08838928356 3.44346482923 -0.257520004369 2.23175962584 
-64.8539544649 -5.78103694285 1499869.26851 500086.078906 -567.497518669 35455.8463591 0.765967404627 2.07923130681 3.45573991409 -0.290592001714 2.20739868678 
-65.0810785009 -5.28355782491 1499747.83723 499964.500742 50.2344410349 41870.7395044 4.74992549763 1.0015392735 5.45923731251 -1.06872180813 3.13396923421 
-65.237264267 -6.15474265115 1499759.86655 500337.329127 -556.382784765 35374.4783028 6.01950846513 2.09605041244 3.52567279448 -0.28930097859 0.605818343018 
-66.6985400301 -7.61909626611 1501343.96846 499685.72511 -568.924448837 39288.8451295 2.28748129941 2.12426224113 3.50550938614 -0.212389498239 0.661218295652 
-64.715735961 -4.7910854771 1501760.44158 499385.005307 27.6961774239 39224.4944172 5.32149812512 1.03455585185 5.4595593788 -1.14249786764 1.59839602242 
-62.1164930665 -3.03822326928 1499599.82387 500284.695055 -566.238928374 37819.0067383 2.39978684275 2.11084873843 3.50155213417 -0.242440158262 0.646489822755 
-66.7498321441 -7.64445549401 1499669.9239 500084.672855 -547.912474609 38209.4085455 1.6917275388 2.15467086879 3.5957649597 -0.241871579045 2.18223077089 
-65.8453485223 -5.81324563536 1501938.07238 499368.2837 -12.6836235536 35274.6216846 3.55771840016 1.06132960864 5.29435468197 -1.19466074901 1.79487292775 
-67.5508310782 -7.74343723676 1498586.6166 500437.532338 -1.70353685085 38051.9551285 0.960778284442 0.984623422807 5.19188643619 -1.06799327 1.88418233625 
-62.5076310625 -3.42906399292 1499158.02049 500400.280595 -563.466366969 36793.8986968 2.52717991335 2.10231215059 3.50305334438 -0.263443987825 0.633788303246 
-70.8571919118 -10.9693280826 1498923.1702 500495.593527 41.7106514969 40345.0161019 5.92842808629 1.03373824671 5.51303120876 -1.12493131843 1.5295475259 
-67.4648264212 -8.38292751287 1498627.20705 500589.690321 -561.413702123 37422.8214872 4.1880116733 2.11305146323 3.52161499015 -0.251735176359 2.20391094319 
-64.3538227919 -4.56519053306 1500985.16841 499651.832305 54.2659131339 42118.5001964 4.92154743522 1.00156322721 5.47399500051 -1.06371160599 3.11313233151 
-64.962677151 -5.04808066704 1500757.47689 499600.654493 38.1966960164 40135.2715326 5.77619677099 1.03295476657 5.51874636506 -1.13754804974 1.53465331467 
-63.3428242371 -3.38924899709 1501006.33928 499717.767516 -3.79651152991 36447.2794724 0.81624421132 1.04066515699 5.28877410225 -1.15699126079 1.78872988199 
-64.3283445771 -4.5136151734 1499791.63724 500151.473952 53.3516273614 41947.289451 4.87991140976 1.00949496623 5.49881859205 -1.0805503775 3.09601985328 
-62.339678055 -2.33157127269 1499912.46842 500072.80934 8.22785876881 37199.0559896 4.4610304309 1.05316705315 5.40933397238 -1.18315151125 1.66698223399 
-65.2595772024 -6.1872064328 1498191.16347 500965.309504 -571.061614142 37270.3286579 2.16098131107 2.0944909585 3.46204065864 -0.255448670153 0.652965295451 
-64.4882513268 -4.46200652781 1499723.13038 500145.390031 -8.43889932415 35687.7762188 3.74009587149 1.05855053314 5.31251565667 -1.19168786377 1.77878571347 
-63.371803088 -4.28331017552 1499818.68164 500306.081816 -555.346979212 36040.7074463 2.924893859 2.11026148227 3.53683261922 -0.281194246077 0.608170236178 
-64.4419263446 -5.36752016819 1499890.9477 500172.343348 -566.171924295 35349.2814579 5.54383321206 2.0800786032 3.46212389882 -0.29335031829 0.632446798031 
-66.2076205624 -7.11510330311 1499593.48169 500126.211211 -557.57155444 38461.3396869 1.22786305892 2.13808277573 3.55379363943 -0.233081459823 2.21221709783 
-64.5985336935 -5.49669201579 1498855.53162 500510.504113 -549.0847631 37881.9072721 0.0628824105714 2.1470852715 3.5882131395 -0.246399119534 0.612666494878 
-69.2573620946 -9.45558824646 1499910.54209 500045.363098 -4.26419548652 37790.7910433 0.838103168162 0.984062402431 5.17709719862 -1.06462972743 1.88805121527 
-64.7220492232 -5.6429188773 1499268.10069 500480.414889 -557.323402306 33649.3788941 5.96365282933 2.07215618964 3.49305526139 -0.321406375763 0.602302754468 
-66.2540614651 -6.36071109574 1501128.83743 499737.173856 29.4889816166 39656.3678631 5.41071228892 1.02413200601 5.43847350505 -1.12481178524 1.61267695543 
-63.3437567509 -4.26373765047 1498888.51596 500595.179205 -553.487132276 32597.8933561 4.56841212524 2.0615105739 3.49788861969 -0.340819383419 2.16099977625 
-66.7967216722 -7.70755642897 1500509.57091 500059.804857 -568.87460698 43185.8079406 3.81299941143 2.16198852637 3.54248584522 -0.125894578342 2.29952587523 
-64.1490201639 -5.06893126282 1499759.49019 500223.562615 -569.065708248 39498.9354208 2.25647646302 2.12535354896 3.50345524772 -0.212158290678 0.670688762727 
-64.2179500054 -5.14405784453 1500235.37727 500051.389551 -574.744625549 40035.7249718 1.99270144967 2.11986902534 3.47817228826 -0.198754096899 0.684450554017 
-64.1540153346 -4.30245416495 1499699.16634 500178.804455 45.0077961848 41147.9272103 2.93959714414 1.01514854632 5.48757884101 -1.10155142873 1.54555107136 
-63.5635615889 -4.48042450845 1500722.13224 499810.164495 -564.487471296 38421.5645527 5.62767969409 2.12297066472 3.5182570722 -0.232949605003 0.651943543872 
-65.5861169739 -6.51413155068 1500621.21855 500103.270042 -570.724312878 37342.8903349 0.6284858987 2.09588191506 3.46857212874 -0.251245196349 2.22234882347 
-66.4394719465 -6.58557167731 1499218.56404 500406.79661 -13.5718128846 36186.3492605 0.434025685984 1.01423695542 5.16899859981 -1.10238072003 1.92097462568 
-61.5286552064 -1.55924534623 1499819.69356 500033.870445 5.46737311225 37081.0332612 4.3541895865 1.04566473992 5.35828849968 -1.16520162325 1.71660809431 
-66.8369706965 -6.92447542935 1500084.52752 500013.80219 38.3377814352 40098.0357986 5.77625279566 1.03400159748 5.51713901002 -1.13668874361 1.52932830492 
-68.4474394837 -9.33194052964 1500374.19064 499898.861357 -548.296772169 40064.0460141 1.67668174458 2.18033994629 3.61089787601 -0.209587980228 2.20362468719 
-62.0958756718 -2.12988663174 1499498.13409 500176.128353 -25.878381804 34024.1162213 4.57152318943 1.05826584046 5.17113148651 -1.1667889239 0.359002308771 
-64.101194211 -4.17285946989 1500609.27996 499766.1795 29.8533128117 39549.1780324 5.41732676983 1.03286197796 5.47626862208 -1.14371922031 1.58329064459 
-64.8867161854 -5.79969220434 1500273.39114 500203.281931 -558.816143847 36711.5231304 5.90395707751 2.11425363401 3.52824614634 -0.267086283578 0.623821299087 
-64.2990002994 -5.21959329711 1499725.25012 500268.750199 -571.559555392 40827.328857 0.565320284129 2.13430957383 3.50601800603 -0.180196724378 2.2582967137 
-64.5944999977 -4.80185874936 1499920.65161 500084.798825 -4.80220091391 37900.1714396 0.833378488999 0.977981591303 5.16851973393 -1.05719935708 1.90964159645 
-64.5537844782 -4.53035567817 1501036.08585 499738.083207 -7.69158394242 35774.513609 3.77927719816 1.05782646997 5.3190202054 -1.19037714638 1.7713124941 
-65.1787210371 -5.25263480656 1499189.70915 500167.599584 5.42033585036 37525.5102659 5.93065659849 1.03234676042 5.31949234257 -1.14261970514 0.179536419059 
-65.7157426292 -5.78851635533 1498498.64543 500395.423809 -15.8232754131 35232.4103979 5.01280551032 1.04478966503 5.20190975451 -1.14646750221 0.319113680089 
-66.1312228643 -6.37498915021 1499896.66743 499975.866895 -8.47450278582 38016.5471384 2.26555951373 0.959805122171 5.12900743502 -1.02884117288 0.385536541568 
-63.7706495424 -4.7005437538 1498863.66667 500595.401363 -567.629527491 34269.4786875 5.46413972073 2.06033720784 3.43296472881 -0.31350145278 0.634805731206 
-64.9453142783 -5.11805051798 1500852.03185 499761.842861 32.8386926736 40466.2122031 5.56866431938 1.00378864046 5.38966162547 -1.08532409362 1.65030356167 
-65.3150682767 -6.22584377474 1499222.22907 500355.238359 -545.381541756 33256.3532181 1.82533639702 2.08747647018 3.555613351 -0.326837924827 2.13572657833 
-63.7307356813 -3.72444981069 1499856.34241 499929.986792 9.98661530766 37360.7702691 4.54388150029 1.0508410154 5.41940502786 -1.18199577038 1.66156884291 
-64.7080375122 -4.73739303183 1501063.62851 499540.353714 15.6666250302 37962.1216416 4.79844054429 1.04426914633 5.42683127428 -1.16545193317 1.64448353959 
-65.4777462997 -6.41710477171 1499206.31132 500546.091512 -580.946193102 38135.589911 0.122589471733 2.08434762464 3.41086793142 -0.232215791448 2.25183756557 
-66.0400287072 -6.1059548856 1500832.97974 499526.032143 25.8320263471 39069.5705912 2.10106716034 1.03486832703 5.45589101529 -1.14701097904 1.6062190371 
-64.4060956555 -4.53545161197 1500566.42212 499774.908979 24.3357460977 39620.5751829 2.05441353691 1.01023286919 5.38003569535 -1.10970393674 1.67326428058 
-61.2224436727 -1.25225407991 1499504.95141 500109.86918 5.49997091998 37065.7763199 4.35239708332 1.04628650831 5.35821239874 -1.16571552304 1.71603140698 
-64.3973328186 -5.32793324674 1500967.92515 499870.024433 -573.696576002 37675.7196131 0.491008289946 2.09539786997 3.45716638133 -0.24304036875 2.23052591501 
-65.6720951523 -5.81446898764 1500231.30258 499987.975012 -11.9613070066 36392.3949117 0.497673806568 1.0114036441 5.17736882966 -1.10345173663 1.90962680304 
-67.8547040557 -8.77700159582 1497564.39399 501153.855052 -560.655603943 35088.7925321 1.08099139242 2.08409040491 3.49300669754 -0.295452415441 2.1840771049 
-66.5187214838 -7.43191269541 1499690.1965 500293.880126 -564.830996709 39761.1918239 0.880276804075 2.13848796505 3.53023704158 -0.204447446843 2.2387901019 
-65.9362928633 -6.00977873174 1498507.85765 500542.128784 -15.8232754131 35174.7091421 5.01352353597 1.04595501792 5.20166648001 -1.14631577952 0.319552040738 
-63.0448314012 -3.96660391113 1500469.51772 499945.233462 -562.361917633 35811.3988575 1.02440311689 2.09257180432 3.49657079769 -0.282582494321 2.19401796191 
-63.4600161969 -4.38790212025 1499374.10378 500426.562252 -569.229307445 36679.9679747 2.25109406051 2.08983042504 3.46633611223 -0.265602716238 0.650297395171 
-63.5298560241 -3.61270447145 1501048.2707 499679.869928 8.15342610712 37602.1150194 1.34865379031 1.03123324406 5.33132469051 -1.13809065123 1.74168492816 
-63.9887212292 -4.03800559836 1500753.68798 499639.97424 22.5555761761 38492.7377467 5.09353633077 1.04355538596 5.45430224906 -1.15661899274 1.60832345058 
-66.7633080073 -6.84883637074 1502159.09038 499071.043652 31.2639071699 39639.3623052 5.48052695334 1.03006107257 5.47319187854 -1.13674721993 1.58070414054 
-62.8625208118 -2.83921330387 1498751.61667 500527.677074 -5.09926737552 35966.156958 3.88545387906 1.05644567099 5.33159512855 -1.18999463733 1.75626139473 
-67.6410734346 -8.5462958375 1498131.15885 500856.8165 -558.391898349 39079.4893533 1.1799917656 2.14428770926 3.55438850511 -0.22359579191 2.21671494445 
-61.3261678729 -1.38499149552 1500817.99182 499652.636151 9.27002754717 37666.6171188 4.52801019847 1.03620028504 5.35677125107 -1.15044577636 1.71645797619 
-62.3936996469 -2.46081941295 1501135.12849 499528.294741 25.8320263471 38998.2118792 2.1004714945 1.03644351935 5.45589101529 -1.14680088955 1.60548397295 
-62.3677324929 -2.43378587102 1500279.62113 499952.964055 15.3552878396 38208.7792718 4.7868159884 1.03442310114 5.38649064074 -1.14661500338 1.67975524768 
-65.9810212758 -6.89886708802 1499585.84488 500248.005105 -565.64313952 39580.301415 3.98917497614 2.1306958335 3.52577109444 -0.206526293534 2.23585743939 
-64.7236292163 -4.73362191767 1498787.21547 500478.939076 3.27739879369 36709.1060281 5.82533528385 1.05011441355 5.35930632662 -1.17492880289 0.150818876112 
-63.2868056614 -4.20297132758 1498960.30107 500492.834023 -556.998628059 35928.9721675 4.40793264605 2.10335938359 3.52814676342 -0.279947559131 2.18287253269 
-61.9097441156 -1.92766281625 1499387.12701 500169.176761 1.66405362551 36772.8038449 1.04328694849 1.04805956328 5.34355682474 -1.17119464856 1.73369313162 
-67.6838769322 -7.74522595503 1499911.23581 500083.82612 -54.6912788734 30986.7169495 4.9102199528 1.07692854374 5.00806009934 -1.1593794706 2.1260311344 
-60.9277646548 -0.982301363256 1500736.90298 499781.737323 8.38551587401 37527.4019747 4.48863404061 1.03754208093 5.35491627404 -1.15261889762 1.71878966501 
-64.2621823567 -5.17861689057 1499215.80417 500405.031434 -562.895475509 38177.8675216 5.6916751991 2.12258429096 3.52432081082 -0.234968246867 0.645727012968 
-61.9875323149 -1.98995118798 1499853.67502 500108.609184 -21.2657836606 34465.5539853 0.054915235966 1.06053958097 5.21620737216 -1.18053026983 1.88419769035 
-63.8104394473 -4.7414663313 1498843.17571 500555.037985 -575.704044018 38305.6698275 3.50845211819 2.0984513634 3.44711820885 -0.234191255893 2.24153312494 
-65.371591813 -6.29209752905 1499969.68109 500357.044106 -569.349710847 39796.8425605 5.39091777445 2.12738147705 3.50891904739 -0.201382236795 0.675305433752 
-64.7076872749 -5.62668974383 1498743.5021 500661.26278 -564.922447647 38473.4499782 5.59338933353 2.11992963323 3.51621196147 -0.230174225641 0.652326755091 
-63.3997381717 -3.39377322979 1499401.72467 500267.197864 1.54737049064 36498.2164375 1.03716378575 1.05506004093 5.36447516436 -1.18269620864 1.71706364943 
-65.2245724618 -5.33813478029 1501131.19888 499674.235015 30.8749896439 39677.0659025 5.47068053406 1.02754984385 5.44163209458 -1.12255023649 1.60977179704 
-68.3198251154 -8.46737455612 1498570.83113 500538.341695 46.5048088807 41403.0679382 4.57184705788 1.01271280398 5.49426257534 -1.10125066302 3.10978227755 
-62.4234585176 -2.44236762181 1500799.50151 499694.534071 12.7905826001 37844.8969165 4.66682355351 1.04355115807 5.41441114179 -1.1696736718 1.65783480767 
-65.8306393762 -5.99074315606 1501800.9399 499473.636572 44.2517602889 41081.0874055 4.48684794953 1.01403615501 5.47272460737 -1.09524279681 3.13579141364 
-64.5453188369 -5.47644520109 1501067.87157 499810.721416 -570.310101623 35921.0446783 2.2199743666 2.07833410156 3.45045484322 -0.27760422768 0.643681877179 
-64.6514443894 -5.57894741278 1498087.93631 500937.395744 -565.818203496 34579.9576993 2.40135464912 2.06779743667 3.44882222883 -0.307943823888 0.629822067447 
-64.8720832068 -5.79795009468 1499837.53126 500214.165441 -573.94999563 39971.6499239 0.45055719874 2.12053785171 3.48237807101 -0.197614744596 2.25589774502 
-68.4431104398 -9.36567913624 1501249.35232 499905.278167 -561.570120261 35180.936685 1.07043208702 2.08508437089 3.49489333943 -0.29282737317 2.19310785729 
-63.2232710398 -3.23330367904 1500316.91444 499984.313298 6.1983271505 37196.0470403 4.38083587748 1.04841469418 5.3803709781 -1.17449058248 1.69463360264 
-63.1747838842 -3.18183833733 1498627.36204 500573.864525 1.45538464481 36745.3526676 5.74621213124 1.04945643768 5.34975734266 -1.17596278026 0.160881988386 
-61.8713890572 -1.90397731133 1500217.99108 499964.021832 -26.2971687327 33989.9013699 4.55682189652 1.05838928006 5.17054525223 -1.16740248121 0.361430611422 
-66.5678862247 -6.60572353704 1500084.67332 499867.370491 11.0582923235 37638.2047989 4.59399823749 1.04132720024 5.38660212983 -1.16104861264 1.68008957291 
-64.4795328294 -5.40052622091 1500354.23019 499913.2815 -566.701512985 37700.1877336 2.38068553768 2.11033195791 3.49523026186 -0.247584114267 0.64647679529 
-67.9524714707 -8.1421282239 1499652.58374 500244.155461 47.5873149059 41449.1983223 4.6305494653 1.00549903691 5.45775501611 -1.07679629263 3.13770763622 
-63.8242332091 -3.89516015782 1499538.73971 500285.182912 22.9227775943 38782.1294472 5.11950782041 1.03545861547 5.43200093277 -1.14460953399 1.6310908818 
-66.626280562 -7.53107025684 1500242.46621 500073.694407 -545.783459889 34693.4664588 1.82061281009 2.11068990461 3.57250738879 -0.303273739859 2.14399777435 
-65.3389168831 -6.27137519943 1499520.39619 500304.979593 -574.815889826 38164.3563573 1.99158251459 2.09652468882 3.45389187785 -0.233085529254 0.663319460087 
-64.8916563231 -5.07431165373 1500858.44415 499679.904612 -2.07830756193 37951.3157139 0.939137410971 0.988643607607 5.19844929118 -1.0748710524 1.87464709891 
-67.2562512284 -7.40179607703 1501552.0452 499418.722983 -14.6154576696 36127.5477074 0.387828806118 1.01630316017 5.16619330333 -1.10352193801 1.92345986907 
-66.4932529787 -6.74318463542 1500771.64067 499751.309258 80.9002600885 44184.1266663 1.36914772972 1.0032826793 5.59283032762 -1.04234193549 1.41054666478 
-66.2355526945 -7.16407735553 1498481.53582 500776.267451 -565.272341188 32908.2482014 3.99546363266 2.04481064111 3.41727480114 -0.341131607483 2.19769205969 
-63.1926576258 -3.23773234512 1499154.64886 500313.274526 -20.2146659326 34625.8608035 4.81850272722 1.05286383257 5.19600332749 -1.16068075112 0.32770731899 
-62.5881831048 -2.62821022875 1499868.66508 499941.379441 -19.3226681893 34843.0109482 4.85848759988 1.04979677005 5.20369732768 -1.1622257424 0.322093844415 
-70.1840673971 -10.4347252629 1500507.25323 500034.004021 48.4793084525 42719.2810804 4.68634538116 0.969525104544 5.39008180406 -1.0284332966 0.045523025799 
-64.8067642065 -5.73562087375 1498257.27738 500832.912377 -570.211767478 37207.656463 0.622788991932 2.09394411779 3.46753188314 -0.252785709935 2.22427385183 
-64.0490462605 -4.96671377332 1499556.13167 500486.586953 -561.175776481 36634.7823558 5.78373605203 2.10666060947 3.51434282748 -0.266238821379 0.62871623302 
-63.0448551779 -3.09001401626 1498371.2705 500642.860645 13.327551522 37952.1284007 4.69581526585 1.03998364374 5.3916899523 -1.15733090033 1.67962381193 
-67.1319821039 -7.29559432576 1501566.53017 499440.079944 33.4142525377 40619.6062427 5.59014517856 1.00058623311 5.39823948016 -1.08912922174 1.6426675963 
-62.2822743682 -2.24261314643 1499598.7355 500116.162726 -0.69224697832 36235.3076584 0.93300712823 1.06149391544 5.37837501217 -1.1976931233 1.70791442738 
-63.3601204557 -3.40026025113 1498745.20487 500357.459267 8.46774120142 37312.4258136 4.48644063803 1.04471365389 5.36802996508 -1.16086830594 1.70715147702 
-64.8100427235 -5.72542485152 1499229.86762 500624.59504 -560.146415821 36606.768156 4.25954952586 2.10899242786 3.51784921163 -0.269296547454 2.19672766643 
-62.8827926197 -2.93750388361 1499309.55084 500196.719646 8.68435881406 37599.1422755 4.49641501751 1.03696295839 5.35397722787 -1.15244329386 1.71941018492 
-65.9205365935 -6.8251979067 1499837.07994 500204.991171 -565.080456447 42609.6432499 5.56102997447 2.16745427869 3.55485529435 -0.14525200276 0.711561562841 
-62.2996192837 -2.44570045557 1500424.52346 499842.524214 13.4768605315 38629.0966686 0.012696194591 1.01035259765 5.30628618399 -1.10132466174 0.177546975144 
-63.2283665161 -4.15230605355 1499225.24848 500415.547501 -572.246499416 39687.3809582 3.67056965162 2.12121887764 3.48758805519 -0.205040449969 2.2469594046 
-64.1874076088 -4.19061107258 1499652.70149 500229.164199 6.78272386131 37024.5152358 4.40637860042 1.0507547987 5.3894922394 -1.17787470772 1.69065102608 
-64.9991247673 -4.97402318416 1498285.2903 500550.8431 -9.64525053033 35328.588147 3.68778503182 1.06328206255 5.30522899214 -1.19234516722 1.78617393034 
-63.8920656908 -4.09441796888 1500294.17431 499970.521847 49.3964240236 42049.2940379 3.14450085309 0.995734258126 5.45163975832 -1.06652682751 1.56944523697 
-69.4159498456 -9.41313200619 1498635.93183 500260.260224 4.02693634026 36810.419763 1.13494996418 1.05132750169 5.37489277526 -1.18074982188 1.70103962516 
-66.2950038537 -7.17687715474 1498851.68483 500575.98047 -547.133673587 40374.4280114 0.134832731871 2.18503029206 3.61658148896 -0.204821748444 0.644007957351 
-61.9262341855 -1.97762960068 1500790.62481 499816.7029 9.24948974608 37493.6865181 4.52480885101 1.04055068941 5.36491410284 -1.15474823875 1.70652682295 
-62.7406170648 -3.66792214336 1499703.34826 500184.568869 -570.682783205 36948.5621248 2.18620987192 2.09277222964 3.45914329594 -0.262490683685 0.650137487519 
-64.1736384349 -5.09716429026 1499560.85102 500397.485656 -574.87155404 41253.3896046 0.4042341674 2.13236809928 3.49156977846 -0.169693772206 2.26905874004 
-67.5409489476 -7.59260151966 1500071.63446 499852.321624 9.47990072805 37366.3687882 1.39286326047 1.04611548383 5.36812944264 -1.15624408673 1.70507080965 
-67.9931011619 -8.14732859889 1498845.2543 500397.678731 57.9918644609 42043.7801459 3.50599231368 1.02077556416 5.56697868923 -1.10044227621 1.47116114718 
-63.8917005038 -4.82271105144 1500245.10739 500118.487567 -571.707646365 35020.4453099 3.71181915918 2.06584515289 3.41683703667 -0.300768587122 2.21648960408 
-64.027305197 -4.95558287704 1499333.61909 500329.159337 -570.983974256 37274.5014225 5.31028363511 2.09459232391 3.46249510302 -0.254687000944 0.650827498048 
-64.384125692 -5.30498579086 1500738.3427 499936.468624 -555.658407459 32258.1901999 2.91042857554 2.05478471148 3.47976476345 -0.348531775082 0.597030057211 
-72.3775896377 -13.2971957079 1501807.58453 499639.975289 -573.808581219 44374.8242675 0.440253034666 2.15517851629 3.52802365708 -0.0858260018238 2.32883181457 
-62.4965000275 -2.56777438091 1500386.78402 499866.469052 11.527828935 37811.6175247 1.4826495287 1.03585821079 5.35949983439 -1.14468281155 1.71023780715 
-72.8746573569 -13.7970578689 1499326.16281 500659.072815 -573.318033562 40355.8511432 5.19941156252 2.12751787047 3.48974024601 -0.190531158557 0.679320262452 
-61.1395447848 -1.1588245976 1500684.80196 499831.129232 9.74476196036 37421.2832271 4.53928811309 1.04688084225 5.39633749621 -1.17025153467 1.67872049635 
-69.4793614245 -10.3905876766 1500779.91998 500005.19775 -546.072456646 32945.3145518 0.237826091521 2.081498377 3.54708172087 -0.334365785858 0.564014547738 
-65.7554006137 -6.01490074559 1499970.66695 499981.862763 38.2066366182 42000.1845282 2.67080650567 0.959441604557 5.32769804867 -1.01907083701 1.67935965291 
-63.7197290177 -3.76908974315 1500186.88214 499768.223943 14.9259480618 38112.9864917 4.76480093326 1.0369459428 5.3997487332 -1.15493024895 1.66652327849 
-69.7535599312 -9.73455387179 1501388.03159 499289.786038 -7.9549870171 35644.5026552 3.76329318428 1.05918813017 5.31418746224 -1.18917778288 1.77531550617 
-65.6216446754 -5.80700375815 1501458.92159 499541.868569 22.3569374051 39628.5381654 5.12264225843 0.996049725077 5.32119387332 -1.0759562446 1.72241104177 
-68.0707503561 -8.04153822933 1499367.26722 500283.399522 -8.6212611429 35523.3839479 3.73965196912 1.06114992894 5.31720391427 -1.19343071218 1.77525017266 
-63.16945317 -3.30384466983 1500399.95475 499790.96887 44.2007712425 40901.8838086 4.47857681696 1.02068376351 5.50056388281 -1.1104622681 3.11465709396 
-62.4304801739 -2.57285214553 1499216.90428 500184.605726 23.1366289248 39429.4701069 2.00283196354 1.0112418687 5.36166634239 -1.10354445352 1.69152667211 
-63.9068850344 -4.83121963369 1500025.03808 500307.543763 -561.120701267 33908.7540073 4.21683729089 2.06804912445 3.47422001957 -0.317219755404 2.18811880288 
-64.8862617533 -4.97191240382 1500253.13223 499863.159241 38.4055805178 40033.4889233 5.78315243867 1.03543508685 5.52134192837 -1.13802836078 1.52937941572 
-63.8988175266 -4.00466330012 1501445.98166 499605.799214 13.5928815097 38199.8718161 1.58237043366 1.02557555763 5.34375601071 -1.12563925362 1.71768328338 
-62.0352968524 -2.18572279555 1498890.19467 500411.19806 18.433141633 39108.8294145 0.231335051703 1.00789163523 5.32784396139 -1.0982655704 0.156446883576 
-65.0635670744 -5.19816336851 1499962.32501 500185.559031 -14.0172254905 35929.2121585 0.409228476856 1.02192072478 5.17487249772 -1.11048966442 1.91547440249 
-62.5191544362 -2.51374618697 1500149.64747 499959.111106 9.75689701089 37351.090654 4.53567645472 1.05245634941 5.41956102936 -1.18191040408 1.65941353839 
-65.7924206159 -5.87011081085 1498740.26513 500324.677612 30.5292838005 39425.9820344 2.29792416367 1.03360522873 5.4714429211 -1.1412296704 1.5841593703 
-66.6040531836 -7.53513201687 1500639.37601 499919.593036 -576.084241956 39086.890819 1.93053277485 2.10566776815 3.45821214705 -0.215752170298 0.68087535503 
-62.9698200026 -3.00378367526 1499422.67384 500135.069608 -25.878381804 34024.1162213 4.56987442244 1.05794659095 5.17102238356 -1.1667889239 0.358868495572 
-65.3390799293 -5.51450210519 1499880.63043 500082.256329 42.7562148707 41252.353812 4.42230707903 1.0068877488 5.44419959014 -1.08494786502 0.0162228779042 
-64.3025540635 -5.20727869379 1500522.30061 499999.804417 -559.661099108 39715.4931197 2.70899832858 2.15015777323 3.55683664459 -0.209032089206 0.657491160052 
-70.7881225695 -11.6521719464 1501645.23186 499404.679484 -540.707314552 41173.2461814 3.59329285163 2.21335403644 3.6503887572 -0.19352975421 0.647168330449 
-61.4371278815 -1.41960513568 1499531.08925 500218.795174 -8.33843420724 35595.9172282 3.74605017578 1.05820885383 5.3081845043 -1.1881106593 1.78004498646 
-62.7914380598 -2.85576929234 1499352.87688 500220.146623 7.53918014266 37603.3557574 1.31121452467 1.03547940103 5.34005362301 -1.14771213421 1.73324372404 
-62.9217640626 -2.95690079057 1499045.54283 500253.565439 -21.9048811465 34523.4143009 4.74290365522 1.05465942752 5.19151920653 -1.16549696814 0.336208068966 
-62.743645181 -2.7844060018 1500273.03772 499861.774935 10.9775356572 37801.7258192 4.59268842531 1.03998547352 5.38273105781 -1.15938383036 1.68682278463 
-64.3731985321 -5.28834124329 1499953.92003 500214.845476 -560.114373685 36381.683638 5.83734246232 2.10733488575 3.51524563115 -0.274898519335 0.623924446162 
-68.4762720955 -9.3942493496 1499090.30207 500287.802332 -553.631162808 33909.6227631 1.42860305727 2.08172801826 3.52023891444 -0.315614257937 2.16155849873 
-62.3838731482 -3.3008193227 1499964.67733 500164.214847 -560.740340617 36427.9775788 4.23853428525 2.10553707651 3.51288419535 -0.272610881389 2.19321732552 
-67.4862671711 -8.39927272976 1499919.08893 500231.417298 -547.265631291 33333.4766753 1.74493503495 2.0833837916 3.54748911923 -0.32644525608 2.14226874446 
-62.8441472712 -2.91037569055 1500971.60216 499740.792764 25.8320263471 38983.7588348 2.10117974689 1.03547298046 5.45589101529 -1.14680088955 1.60594398269 
-63.9795473414 -4.14773716847 1499685.59108 500070.972399 27.1525697129 39840.27853 2.1774830195 1.00550771989 5.36046468007 -1.08837179195 1.68475273757 
-62.4517323757 -2.47537132981 1500408.65229 499753.252572 8.45605956415 37265.8047865 4.48151669482 1.04655586795 5.38320163137 -1.16846566078 1.69132994457 
-64.7168181306 -5.64775007067 1499731.30534 500207.422636 -569.049409733 34738.5033704 5.40651418738 2.06556402887 3.43445521481 -0.302039379963 0.635558175821 
-67.6943655821 -8.5986728007 1497812.87354 500883.898892 -551.05607145 37432.4418632 1.53110146038 2.13494372738 3.57369017674 -0.25262869804 2.18058446496 
-68.3842367243 -9.29168257967 1498142.19598 500790.907632 -548.790938733 35694.0965235 4.78618834434 2.11466729903 3.56445868881 -0.28654160118 2.16120193102 
-63.7029292956 -4.62460756896 1499914.32378 500094.758962 -560.607026633 35238.6671139 4.24197340067 2.08741610572 3.49866298829 -0.293092959386 2.18965174933 
-67.6930846814 -8.60984862188 1499871.76271 500077.104191 -561.021841619 37156.8859803 1.08476680116 2.11325039292 3.5220404699 -0.25716274058 2.19489630195 
-65.1507129359 -5.29154121748 1500951.06716 499717.27009 37.1467145887 40195.1325184 1.03640355172 1.02059646144 5.45115888771 -1.10712100328 0.0243205473697 
-61.0632904655 -1.15926255356 1500377.19381 499850.527277 22.1106434228 39046.3483026 0.376065259569 1.02484940901 5.40046553719 -1.13021858133 0.0867676176846 
-66.5322135507 -7.4508202034 1499689.76938 500406.066643 -553.902609576 31979.3686352 4.55455390368 2.05286692895 3.48108929579 -0.356736077393 2.16257251153 
-69.8080122779 -10.734840097 1499651.35063 500387.406911 -578.538681711 42834.4860121 4.93504681673 2.13651657566 3.48768601807 -0.130225711419 0.728062149656 
-65.091815504 -6.00540369772 1500582.75177 500009.477071 -568.451478229 41409.33629 0.708612476994 2.14764165565 3.52811809943 -0.171198786207 2.26820013505 
-65.8093736002 -5.88707244129 1499730.70963 500042.769971 -52.3307427409 31337.5664194 5.01393939987 1.07050090714 5.01404650776 -1.15071146132 2.11504643589 
-68.9725233864 -9.05022517953 1501478.15754 499311.429321 18.3294159501 38511.4693261 4.92295956519 1.03284185014 5.39887209706 -1.14110845272 1.66191484355 
-66.3347207214 -6.33040602424 1499121.20703 500226.718166 2.76342117972 36602.5892002 1.078751206 1.05587058983 5.37002812505 -1.18231859102 1.70456208896 
-65.8663385746 -6.0677206635 1498244.68953 500706.203616 18.2609422025 39771.8271062 4.94351613597 0.983872750765 5.28142487615 -1.06268984122 1.75769335382 
-67.0560844673 -7.97509618767 1499564.25621 500507.606098 -562.665061835 37363.5478574 4.13498819118 2.11086225778 3.51522000633 -0.251517398489 2.21233129773 
-64.392500157 -4.55959979934 1500202.68587 499931.107221 49.6638033851 41738.6265144 1.57699724696 1.00741539965 5.49318904982 -1.08953941006 3.10861845472 
-61.1260382519 -1.20938937552 1500311.96594 499953.435768 14.7064412918 38151.7130077 4.76691374361 1.03219156368 5.3686155078 -1.13809706755 1.69775557707 
-68.2321752948 -8.30117109534 1500061.4981 499998.504973 10.9536594635 37678.4290096 4.5954751469 1.0362262107 5.35773605258 -1.14579294597 1.70714614282 
-65.2117158011 -6.13106592791 1499503.99615 500502.946476 -570.578813036 40512.6582096 0.61079855739 2.13342355206 3.50690694596 -0.188150466526 2.25322583378 
-63.3377437028 -3.31679411861 1500510.81299 499812.159958 6.3690541173 37104.7250256 4.38254324002 1.05374646815 5.40954725038 -1.18853810655 1.66950594021 
-67.0466746112 -7.30879613012 1499789.82491 500046.137782 23.2178567038 41222.2892744 2.03069425017 0.945290366379 5.2502259563 -1.01118589498 1.7704179025 
-66.9662406833 -7.85343465512 1499642.55281 500368.291167 -548.18485341 40002.177096 3.23525305798 2.17639654612 3.61068068008 -0.207689789475 0.643788405875 
-66.3756367562 -7.29716036457 1501116.40206 499657.561777 -570.757341775 39322.5406111 5.33565815983 2.12201768939 3.49426715832 -0.21526301858 0.670162416122 
-68.363751114 -8.51513778954 1499576.65009 500234.429742 55.3981694507 41849.8479023 3.39020839758 1.01692083188 5.55076775012 -1.10059756309 1.48429244813 
-63.5624014561 -3.76409572514 1500569.17678 499766.846366 57.2349538346 42251.4519848 5.05186723654 1.00624724007 5.50407609517 -1.07071003597 3.08772055836 
-64.4465464881 -5.3619782856 1499656.75242 500198.06633 -564.04570162 38447.7487901 0.928845889338 2.12412881878 3.51838642748 -0.235676997418 2.21874448605 
-64.5350639518 -4.58618787466 1500326.48985 499918.897867 26.8371937328 39176.9791447 5.28593050472 1.03598026885 5.47794513614 -1.15372303076 1.58650121054 
-62.6290316889 -3.55577702087 1498834.18148 500590.435284 -569.624820981 37055.9369399 0.656743132238 2.09517623358 3.46788104477 -0.258520766545 2.22140820739 
-64.0980206214 -5.01737839601 1499903.34834 500249.592465 -566.354645952 38343.6114666 0.824184123869 2.1171889151 3.50562811543 -0.235927536055 2.22352416187 
-64.346747776 -5.28281723592 1499351.67883 500443.940012 -580.154165832 38132.7427051 0.165942649772 2.08787787098 3.41231122656 -0.23804625749 2.24387556413 
-68.4319080924 -9.35761413351 1502142.24809 499287.249793 -561.906194085 33115.4596053 4.18991788912 2.05667300338 3.45521131888 -0.333090204342 2.18964964316 
-65.5115368779 -5.79214545293 1500544.09386 499797.924355 49.6815414334 43108.7779018 1.59040539309 0.953779225689 5.36333196531 -1.00334005504 0.0500734513783 
-63.8296937216 -3.8962820248 1500902.36229 499736.301239 11.2784344963 37729.0488168 4.61551793847 1.03578715813 5.36290208698 -1.1467473998 1.70648520532 
-66.0468178145 -6.9691729605 1500590.75374 499912.632003 -559.210510187 34553.1763274 1.17252628945 2.07929128707 3.49707067794 -0.305436897432 2.18269167558 
-62.3460770954 -2.38033481431 1499584.61472 500105.720543 -21.4055523856 34444.9642191 4.76676332958 1.05662692648 5.19686620602 -1.16632364115 0.329627292365 
-66.1397513063 -6.40037337469 1500590.96639 499673.247768 41.581822327 42179.0262965 5.96155677042 0.964454231825 5.34639779651 -1.02065405724 1.6608070184 
-64.028020521 -4.07377729507 1498921.12842 500306.448489 -21.0438191636 34731.3699235 4.78218602084 1.05009226057 5.18928506671 -1.15976789442 0.336406563199 
-64.1214360926 -5.05229617248 1499667.08519 500227.671633 -576.828000365 38539.617785 1.89093921891 2.10051762117 3.4423766973 -0.230235144767 0.673385140165 
-63.4310666375 -3.60387205193 1500282.1314 499848.037611 42.4371870355 41115.5404869 1.26906836053 1.00673652661 5.44556623629 -1.08638272882 0.01652336403 
-66.1122426222 -7.0043013728 1499702.93997 500381.80128 -552.415157076 40031.3227039 1.47221818866 2.16894127041 3.59182749924 -0.208584404625 2.21861878043 
-64.1465983248 -4.29652526998 1498750.12532 500549.865037 18.0297555401 38998.5221921 0.212985270873 1.00891153475 5.32623180151 -1.09875507054 0.157484812207 
-67.3577769106 -7.62143637915 1498873.72764 500539.836589 54.1727156562 43022.7689887 1.78711175378 0.970979341786 5.40719558356 -1.02118637537 0.0174950362803 
-73.9641939455 -14.9140870085 1500287.63809 500029.865042 -596.727653534 42163.5398421 5.6709229323 2.09627652432 3.34650481663 -0.142319103891 2.28996148432 
-65.3052656091 -5.35996943014 1499172.32199 500143.142078 24.7007833784 38710.7108742 5.18734989333 1.04171569547 5.45978720697 -1.15377475056 1.60557381584 
-65.8867794511 -6.81387703901 1499915.14694 500314.048639 -569.063041818 36317.786839 0.696260931227 2.08765613947 3.46277689968 -0.272462650202 2.21734180014 
-64.9244710836 -4.91463180596 1499527.41945 499997.685531 7.90993989732 37246.2490749 4.44987623802 1.04916525249 5.40703016401 -1.18309032638 1.67196507907 
-63.9844269299 -4.91881642223 1499130.21317 500602.279896 -573.325942819 34547.9413065 3.61854984552 2.05442763336 3.39293892923 -0.308647542699 2.22325374333 
-62.5236329198 -2.59216048429 1499447.89559 500293.950269 11.3014137496 37743.3187448 4.6176050793 1.03704739923 5.36064473281 -1.14614236242 1.71153775032 
-62.3348920946 -2.41650350694 1499817.33352 499921.514986 6.32477718357 37570.7746551 5.9749843386 1.02971678954 5.31910095917 -1.13839735378 0.18141627372 
-63.8957736298 -4.8169320724 1500595.05828 500002.213596 -565.510207669 36997.2183803 5.58191618747 2.10376187519 3.49357551557 -0.260679237066 0.642131501485 
-64.4917440764 -5.41213918291 1499001.1169 500515.2929 -568.469506594 39276.0880029 0.705375851269 2.12323863661 3.50408334862 -0.215591232828 2.23917175166 
-67.1352491035 -8.06399138819 1500043.6103 500369.487597 -572.306505769 37460.416237 3.68983572438 2.09459848061 3.4589165245 -0.250728543758 2.22869146066 
-64.6839355383 -5.60257341748 1498806.84212 500630.098679 -564.595824461 37745.7615426 2.47205215785 2.11457351754 3.50914869394 -0.245208256249 0.643652074188 
-66.8331686714 -6.91011851083 1501913.95249 499315.31512 23.5274862116 39163.1800155 1.99980699066 1.02758058729 5.42836133137 -1.13986734057 1.62660807588 
-63.7646262126 -3.9119269005 1499878.4721 499945.139135 -12.5988948803 36154.4834726 0.473698951945 1.01740025366 5.17412914607 -1.10300922131 1.91630182972 
-64.9474623808 -5.01810329617 1501194.08791 499600.362865 22.9415832121 38838.1662733 5.12382945316 1.03381921382 5.43370934413 -1.14441806019 1.6295236736 
-62.9761629016 -3.10719879705 1500473.43738 499767.923023 24.0565336756 39376.6373997 2.04234151045 1.01568883094 5.37938827219 -1.11059729296 1.67638563853 
-64.9302436267 -5.01850541146 1499805.3234 500211.752849 7.3587556411 37658.7307726 6.01721175241 1.02770940962 5.31839691078 -1.1344858796 0.178089002317 
-62.4157117247 -2.37742075673 1499967.15431 499961.144506 -7.3229635585 35462.8128891 3.78535886106 1.06599178024 5.33339463562 -1.19815965621 1.75550762427 
-64.6235198078 -5.54783179238 1499761.14892 500189.801251 -565.49406217 35521.5498077 5.57666947743 2.08464945841 3.47182165175 -0.28923893161 0.633279363483 
-63.8507755979 -3.88710551534 1500598.77076 499847.048684 17.3441204721 38097.302443 4.8727571955 1.04429708404 5.43223443381 -1.16232222436 1.63725821751 
-65.0925081699 -6.01080813573 1499015.59203 500623.554593 -553.494947724 33207.4382126 3.00150241546 2.07065808865 3.50717741262 -0.331076606387 0.591253872316 
-65.6282866755 -6.54377120582 1500351.44217 500128.795644 -555.730770792 35165.8876586 4.47665567271 2.09692535421 3.52524346277 -0.294323694921 2.17929318519 
-65.5114698677 -6.44232844724 1501871.02934 499454.282435 -569.970150826 34845.9035129 0.670629336161 2.06664001318 3.43230807396 -0.300666099637 2.20983721636 
-65.8890876535 -6.07845863607 1501283.77937 499498.850065 48.4463387491 41591.3782344 4.66896664341 1.00330833859 5.46271836714 -1.07641731065 3.13455731083 
-64.546876791 -5.46174776298 1497843.19396 500887.978888 -560.516423005 37511.5525798 2.65191021859 2.11857191542 3.52610813374 -0.250998529715 0.633443426686 
-63.7994815317 -4.71900217223 1498479.70233 500794.193026 -557.953939284 35249.0802299 4.35792282665 2.09141122661 3.51340853729 -0.291220405088 2.18109773249 
-67.7204694509 -7.79274260346 1501699.57916 499458.77348 27.9594129482 39161.7897126 5.33346241344 1.03595873416 5.46395366555 -1.14422957313 1.59664128232 
-65.3586165066 -5.46640421019 1500181.87457 499929.99844 50.5754546865 41118.512344 4.74792269961 1.03327720215 5.58213057735 -1.12701211537 3.03546641513 
-65.2230557257 -5.42776429304 1500339.46532 499829.805244 18.559255096 39786.8754216 4.96124072204 0.984274798727 5.28231661189 -1.06118109456 1.76140226573 
-65.1411680548 -5.33874944411 1499280.81695 500278.780095 -3.87556741653 37623.4818459 0.858591555858 0.991285352059 5.18118121912 -1.06759202258 1.88994404064 
-66.111590515 -6.99682507908 1499893.16516 500187.24929 -551.071180146 41042.3535059 1.52293170182 2.18522444971 3.60595371513 -0.187638260522 2.23229936639 
-67.3993439641 -7.44634273078 1499742.04965 500046.325394 -18.9627742515 34871.0408689 4.87332577706 1.05094562708 5.20144020521 -1.15942753662 0.321451552966 
-63.6556671163 -4.58527348714 1499025.16593 500562.07861 -570.568578163 35814.8255436 0.617585233355 2.07716910141 3.4403591994 -0.28462249385 2.21521389775 
-63.1947043095 -3.39919713919 1499281.25148 500297.962597 38.8164657508 41216.0991511 5.82510874311 0.992484839457 5.3886314849 -1.06418409311 1.63402166786 
-63.3654469878 -3.46810331952 1499965.79207 499946.580949 16.994360976 38832.0347811 4.86987645799 1.0181333181 5.36090612809 -1.12513407454 1.69968853498 
-65.7133729664 -5.91060393839 1500848.62885 499612.437957 47.912075613 41800.7623287 4.64435064074 0.996775012403 5.44815819479 -1.06990285111 0.000971796725981 
-63.9131945905 -4.83893509139 1499272.81271 500480.803875 -572.604921394 39036.9766384 5.23777349091 2.1131766781 3.47867043716 -0.218653827797 0.665433782063 
-65.2763199312 -5.47988964629 1500267.41088 499923.754318 19.7382757531 39632.6463554 5.01796111923 0.988075423836 5.29135828848 -1.06314048163 1.75419652508 
-62.2611201213 -2.35358835419 1498624.07314 500518.429084 3.4789162767 37260.3127726 1.14272407419 1.03010250588 5.29391001973 -1.13327593535 1.78054061366 
-62.4208819424 -3.34777804662 1499730.11581 500194.451891 -568.52766728 35969.613838 3.86127710654 2.084165026 3.45801980241 -0.28139963885 2.21117477008 
-64.7508929905 -5.66812538425 1498774.03014 500672.470783 -565.748169725 38786.8816749 0.836939683698 2.12480759804 3.51472845575 -0.224669416658 2.23059742175 
-65.3183448337 -5.41047116648 1500294.41085 499823.29131 11.8903572821 37864.8137866 6.21640312665 1.03163115369 5.3459399659 -1.13399275975 0.14633723865 
-65.4396120689 -5.4991086839 1499434.17829 500105.923073 -47.4832038542 31734.5209518 5.21764569916 1.07210662234 5.04533337207 -1.15916794757 2.07873778248 
-62.1841198753 -2.18019151979 1500534.94072 499846.637885 10.0688854149 37266.8516968 4.54470974212 1.05344962135 5.41938638227 -1.18152262967 1.65863075058 
-68.9530185184 -9.85092618351 1499667.54131 500158.608289 -559.379445043 41706.0466671 4.26830924445 2.17217161127 3.57379394146 -0.168861026536 2.25121696598 
-64.1916565027 -4.22022280551 1498854.01888 500239.690325 -25.774627503 34080.3007 4.57322173083 1.05792929353 5.17371423743 -1.16915722958 0.356782305767 
-66.1323151444 -7.06002424937 1500449.13627 500056.790045 -567.724548532 34392.0593221 5.47750223258 2.06473393478 3.43560839425 -0.313036565664 0.634861038676 
-64.082630331 -5.01043596643 1499851.12958 500154.436594 -573.636097552 38554.0074405 0.474658163827 2.10615019556 3.46581007664 -0.229203193363 2.23958127375 
-63.5986795371 -4.51868821727 1500308.96959 499961.215652 -567.792414023 39300.6190793 0.749643923236 2.12514208926 3.51072263474 -0.213046117997 2.23861138324 
-64.4683535207 -5.37879052712 1499869.64466 500161.780008 -554.454480469 36238.0524856 1.39171412543 2.11527010373 3.54541242403 -0.275273667706 2.18257180283 
-63.1843777585 -3.31599711266 1500002.50356 500035.687759 40.7357547457 40788.642104 4.32813129907 1.01829564247 5.47935491387 -1.11099699035 3.13596847155 
