#ess=108.50053886 nsamp=542
#post like m1 m2 tRef dist phase inc lambda beta pol 
-61.6126910382 -1.65537926531 1499941.99635 500035.570497 5.69937326944 37218.7167191 5.09843731969 1.03851740052 6.18711559422 -1.15810864555 2.2769878676 
-64.9016917862 -5.84973914363 1500762.94014 499816.701856 -689.577362486 37545.5084874 0.766232969238 2.10714008807 3.1706714105 -0.107028614487 2.52049031185 
-63.1351956458 -4.09084957628 1499578.71101 500278.524679 -690.950131591 37904.752337 3.82812922107 2.09869187763 3.15020768747 -0.077057486871 2.52188378699 
-64.1908844534 -5.14088716195 1500284.16865 499978.924614 -690.740520011 38810.4509195 3.84133340078 2.11041382983 3.20313832434 -0.0603858177399 2.53796306738 
-65.2541265319 -6.1914736412 1500113.01059 500119.210509 -683.042321065 35579.3204498 4.21221418837 2.10758115285 3.21981227637 -0.17843402946 2.50723408096 
-64.9053856954 -5.0947480856 1500472.47506 499996.298408 37.3088917083 38680.0921389 4.92052781642 1.04524780751 0.0221215947708 -1.08971632972 0.59588120448 
-62.0776228582 -3.02107182937 1499024.91728 500550.855847 -686.860572389 36804.941188 5.59284259486 2.10819266801 3.19923783464 -0.136908794427 0.943510122898 
-65.1455493668 -5.21442076028 1498691.69918 500573.646755 8.97458951842 37904.4360444 3.66925639255 1.02363457848 6.05995873221 -1.14230348506 0.803018109512 
-64.7457952208 -4.68676261534 1498415.08609 500568.727774 -13.7395346618 36041.0010678 1.0905277464 1.04031196189 6.16944364769 -1.20047299297 2.29971591773 
-62.5779997318 -3.52753473562 1498996.17189 500527.943183 -689.495263335 37948.4100707 0.750002956656 2.1070674604 3.19815921894 -0.0899392967504 2.52790380603 
-62.9149065823 -3.85900356993 1498661.26662 500598.395658 -685.626895553 36185.3213906 5.64491762343 2.10301458374 3.19339935397 -0.154407679704 0.938199375059 
-71.4691839454 -12.4311046738 1500697.77358 499995.989837 -681.790959054 35194.4365389 2.66757673459 2.07523791524 2.98773632905 -0.140017189111 0.928660175585 
-67.7286870622 -7.82725754753 1501358.70577 499420.19534 16.5312389865 38147.4855003 4.00674993572 1.02894089375 6.13273191064 -1.13025782659 0.738593179927 
-65.1290782537 -6.09420927288 1499354.57027 500348.278662 -687.613161756 37625.5814754 0.816195003924 2.08428445737 3.01902386737 -0.0594368643371 2.50560199207 
-66.4764462549 -6.6494664338 1501233.95594 499528.402265 32.3396577531 38390.1550747 1.55980312727 1.04692086032 0.0760844711435 -1.09887267266 0.553813334646 
-65.2531487055 -6.21481655026 1498430.4812 500672.157667 -689.985569618 37513.356088 5.42245996026 2.08797109862 3.09301530088 -0.0788509425573 0.942078954508 
-64.4973318517 -5.4551382463 1501062.93779 499736.189476 -687.55053394 36071.3327946 0.859784394144 2.08562071602 3.07717816199 -0.129606951766 2.50301305372 
-62.8923058301 -3.83763262886 1499656.86131 500203.107062 -688.233887542 37651.5069805 5.53035190439 2.11170180204 3.21531387303 -0.106647574737 0.954237443948 
-63.5033094044 -4.44571863417 1498344.33615 500793.129155 -685.776943875 36243.8252185 4.06529426824 2.10518818171 3.18226834413 -0.155859895758 2.50788168803 
-62.7467386583 -3.69755555713 1498867.56273 500625.853712 -689.354455265 37469.7077029 0.755831347546 2.10268341945 3.18031131626 -0.102390410883 2.52339817645 
-62.4537452787 -3.40916752373 1499471.96368 500296.92313 -691.581173414 38618.8545961 3.78886749333 2.10167460666 3.15745959435 -0.0546268712381 2.5332758956 
-66.235859105 -6.28979777871 1498555.94542 500379.71251 8.53223052729 37559.4204036 5.2141032995 1.03544636302 6.17837943137 -1.15244845017 2.27845256055 
-65.7628931564 -5.95954413013 1497939.25696 500740.365124 39.6229094259 39152.5018492 1.87862742375 1.03525035106 6.17916316442 -1.08289995977 0.690033210928 
-61.9604124423 -2.91644060239 1499162.13721 500545.754602 -689.908719331 37319.5440966 2.29857897564 2.09463723274 3.12512492456 -0.0968230535446 0.94718017062 
-60.9181815838 -0.997916656546 1500155.5048 499964.134476 13.6412241814 37492.1855594 2.3045805561 1.04283409675 7.89227404874e-05 -1.14267976602 2.1948825506 
-64.6512303066 -4.78707260708 1499464.04327 500249.839255 25.5701172279 38556.1562825 5.97265390593 1.03016267795 6.15255860711 -1.11244421224 2.28986895016 
-66.0250345955 -6.20189160085 1499636.31799 500110.564406 30.2994149941 39054.1666995 1.47155969067 1.02219688943 6.03075851983 -1.08925024151 0.808339422565 
-62.6984321272 -3.65109203034 1500168.0713 500103.615192 -687.837003144 36265.1838017 3.97952707851 2.09314478243 3.11540211876 -0.134972262537 2.50821421134 
-63.1478079957 -4.10868364759 1500392.99213 499968.523002 -690.704406897 37980.1803833 2.2677825853 2.0915220616 3.08636956555 -0.0628039763427 0.944217820468 
-63.5224506503 -4.47810227401 1499020.30645 500470.293571 -686.551153096 35796.2852727 0.87962105625 2.08550066234 3.09773250542 -0.144928377249 2.50679955055 
-61.2580792651 -2.21676942729 1499918.72415 500162.797288 -687.1458241 36279.6441906 5.5683951377 2.08573120409 3.06028785738 -0.121387105726 0.935547273462 
-61.7229809274 -2.6835339095 1500070.94859 500113.536502 -691.266873533 38115.4326785 3.81249670105 2.09226949784 3.10362344438 -0.0598444888657 2.5183121688 
-63.6430618002 -4.59513119399 1500014.32466 500273.891525 -688.084646861 36442.9963454 3.97115809738 2.09450330049 3.1193248285 -0.131761776586 2.50712980638 
-64.261675705 -5.21438960475 1499986.91975 500057.889719 -682.670473358 34531.6396969 5.77589612481 2.08003604108 3.06295781351 -0.182397149794 0.929127355362 
-67.0485919436 -7.98486280767 1499204.92165 500608.61148 -680.617880779 34270.1561231 5.89460970703 2.09594717562 3.17749430997 -0.21612907683 0.919749811335 
-63.4531394182 -4.39521130756 1499026.23065 500477.145359 -686.247388291 36802.5276709 0.907365075594 2.11012262277 3.21497371297 -0.139574643317 2.51842954906 
-63.089608241 -3.16266037989 1498366.98941 500574.060856 12.8950939131 37660.6032368 2.26704868989 1.03911405707 6.23820127239 -1.14471771995 2.22940132424 
-62.1587279451 -3.11379877524 1500740.32608 499888.180228 -685.711192855 35309.7404799 0.941440791775 2.08340876836 3.08038484121 -0.156630914396 2.50151099915 
-66.0871985567 -6.24653991475 1498888.96915 500409.647126 28.6077880525 38824.0587603 1.39583124556 1.02735428225 6.08478988656 -1.0998505278 0.767610184987 
-63.6995034251 -4.6437121178 1500313.00272 500010.176249 -688.342451446 38400.6921808 3.95120055901 2.11736502502 3.24137469307 -0.0816927351077 2.54309659896 
-62.5274010349 -3.48760333145 1499702.63351 500345.62085 -691.615613196 38560.1027996 2.21975966578 2.09392314369 3.10645260848 -0.0440875591729 0.951012348832 
-68.850118257 -9.81327417702 1500003.88879 500244.632357 -688.225961809 38812.6589062 3.94131926864 2.09029869088 3.01246706343 -0.0142199634238 2.50184562782 
-65.9773603651 -6.93545948854 1499396.12388 500395.479896 -685.543462413 35179.9437467 5.64370427624 2.07825445051 3.08053276224 -0.154955496996 0.932876250761 
-67.0675883445 -8.02649231791 1500712.99098 499847.023405 -692.157971128 39167.7128074 5.33829341114 2.09787891789 3.11728991865 -0.0245832302544 0.959979574615 
-63.9745160422 -4.16429979657 1500444.94318 499737.542067 37.3088917083 38621.2707154 4.92052781642 1.04497814721 0.0216810432413 -1.08969450833 0.595842024422 
-62.782334432 -3.74456396 1499477.03417 500386.091812 -688.338030915 37016.9637551 5.50878269091 2.08514196944 3.05063455976 -0.0896903213453 0.935874193654 
-68.5861683097 -8.55186375487 1498878.55329 500222.633443 -9.36506056885 36400.9197258 2.86117037668 1.03891200613 6.16711270465 -1.19055858808 0.733805182273 
-64.8301299287 -5.78095626505 1499973.78916 500203.509435 -685.050706519 35158.8424536 5.67483486147 2.08655107523 3.11132683505 -0.170852922999 0.936301459051 
-64.6987983924 -4.63986191154 1499481.01658 500238.465481 -13.5472216841 36170.8619199 2.67633183493 1.03817973015 6.17095233959 -1.19992863354 0.733410374531 
-62.1397354479 -3.09798480733 1500248.36004 500108.182499 -690.973262525 37798.4579815 3.8329651265 2.09412400004 3.117310772 -0.0763837685426 2.51814942187 
-63.766932338 -3.88780108909 1500105.67571 500012.72932 21.6330336558 37845.5489831 1.08174940703 1.04543012407 0.0704684373184 -1.12412448576 0.563623432966 
-63.9581275853 -4.19244037801 1500667.07872 499808.947839 48.0927650675 39568.086262 2.25798682851 1.03666441128 6.19698618808 -1.06290954744 0.671601812563 
-66.3340183272 -6.4385719425 1498678.48923 500650.129476 19.3257061848 37942.6775791 0.979971543349 1.03954727059 6.22060920556 -1.130093832 0.668190886237 
-66.8402557777 -7.12009171769 1500120.12608 499950.75865 59.3872067356 39904.1301724 4.32530511872 1.0433387852 0.0222775885073 -1.03915163863 2.15699016779 
-64.7701286033 -5.7251135339 1500385.90796 499904.204181 -686.201886239 35551.1665085 4.04913232306 2.08526118511 3.09957395066 -0.15177523562 2.5059526123 
-60.7685647553 -1.71896131267 1500096.59276 500117.726194 -687.460219123 36169.2635748 5.57167419551 2.09517851795 3.13791554764 -0.142904416037 0.936859471387 
-64.0615586397 -5.01927819126 1500311.38472 500007.35374 -690.639996733 37618.0244917 5.41797422022 2.09459429597 3.10346169889 -0.0816614872166 0.944319448512 
-62.4080017626 -2.60304651083 1499662.53004 500196.556848 38.5693113689 38774.1306628 4.9734031955 1.04512658997 0.046104719937 -1.08677584397 0.575039968065 
-65.2625278924 -5.32243810897 1500788.79495 499780.153423 9.419106692 37441.5201937 5.25686051401 1.03658092975 6.19354896484 -1.14995508674 2.26403126361 
-63.7310260416 -3.88602930494 1500992.5492 499529.495575 29.9501897007 38415.5890544 6.16641408685 1.04096418071 6.27733283343 -1.10631175195 2.19205502489 
-64.6310602737 -4.76198944682 1499217.941 500415.771612 23.6257131947 37897.015736 1.17162028108 1.04799470283 0.0597793889783 -1.11989068165 0.569265004055 
-67.1500029694 -7.09862474236 1499072.94919 500374.702714 -12.5426729609 36183.1998757 2.72573161214 1.0387263241 6.16624346935 -1.19710291084 0.737055647201 
-64.9946669537 -5.94877973595 1500321.0468 499898.720479 -686.971266577 35794.8107771 5.59136459721 2.08779514999 3.11617217549 -0.148401618205 0.935057276753 
-64.504794782 -4.58963981224 1499630.92402 500091.360974 14.7502508465 37469.3647832 5.49351551765 1.04448422629 6.27634968193 -1.14082514165 2.20090532065 
-65.1654491136 -6.12590653053 1498433.62482 500675.514343 -690.252858024 37969.8670687 3.83968397468 2.09163125276 3.08714067506 -0.0666499452774 2.51143025653 
-69.285690849 -10.2483877612 1498933.64613 500476.614131 -690.395767696 39757.1707218 3.82136517863 2.09141147368 3.05683756906 0.0186010665154 2.51946354012 
-74.0175473147 -14.3805241929 1502585.59623 499148.622876 79.4515398184 40588.0153868 0.503036027144 1.0476335802 0.0797942034009 -0.98896820947 0.539449242503 
-68.4727199079 -9.43489637133 1501710.29577 499657.657863 -689.349599478 37568.0515771 0.775720751904 2.08779000233 3.04884344979 -0.0713590750449 2.50657128881 
-63.8267787875 -4.7789502691 1499564.059 500249.651679 -690.504907505 37969.6846645 0.705604563002 2.10363238582 3.15155226087 -0.0850913035173 2.51986166771 
-64.331735579 -5.27973302198 1500688.12938 499847.412639 -685.574400242 35389.7804482 5.66749511558 2.09245607571 3.13983266615 -0.169070275612 0.932912065407 
-63.0556943397 -3.0572587545 1500836.93673 499652.401977 -2.08556743713 36721.9522585 3.18278282672 1.03969618317 6.22809429693 -1.17604191606 0.675465898614 
-63.2462911996 -4.19961704453 1500351.30929 500032.560723 -686.846148596 35796.159848 4.02559800182 2.08847193604 3.11135820176 -0.149161881207 2.50925223114 
-63.2083800573 -3.27499947767 1500406.11244 499843.75362 10.5503783783 37616.386148 5.30552653217 1.03526453516 6.16823499836 -1.14664565519 2.28373897331 
-61.5857535903 -2.53106668615 1499678.60898 500233.121915 -685.464303178 35631.1267278 2.51908751995 2.09774216637 3.15975670512 -0.166287849079 0.934823059353 
-62.6098210211 -2.61093775113 1500940.79037 499591.661061 -2.68362835239 36632.1900302 4.72750169069 1.04176293189 6.20464209174 -1.17675412419 2.26673913177 
-64.0181850726 -4.97904199595 1499962.32525 500269.426181 -687.759533194 36305.2974389 0.830638419453 2.08254835259 3.06742037353 -0.116238297363 2.50858347168 
-67.0226133626 -7.97543946374 1498031.7923 500762.16142 -687.505150735 36360.6833942 2.40223679108 2.0932132945 3.1451436925 -0.134259341054 0.936702050237 
-63.5939134656 -3.73845015187 1500758.1036 499862.514253 27.5882823827 38373.9932185 2.92365733213 1.03949985363 6.2429949602 -1.11084410004 2.21885458042 
-65.9535224589 -6.19169284613 1498981.67278 500329.253569 49.2243943911 39816.9759639 2.30151196805 1.03132696836 6.15718114735 -1.05902324645 0.697549279436 
-62.6999003661 -2.71055210009 1499559.78942 500232.762036 -0.254555728082 37069.4164779 4.83066802026 1.03467466227 6.17441764695 -1.17085340041 2.28702084766 
-64.7484566964 -5.69486480113 1500853.86728 499848.364144 -685.333489184 35300.5922422 0.970413992098 2.09352066039 3.14055732223 -0.174058819238 2.50316966079 
-64.5739630201 -5.5327999678 1499849.75292 500132.174613 -687.625391868 36194.1942635 2.40212829268 2.08519861871 3.07759892096 -0.123512842303 0.940635280795 
-65.2054990506 -5.36852561543 1500244.24144 499904.753617 30.3286701975 38174.280729 3.03883041502 1.04812304694 0.086672100519 -1.1042436138 2.12156340581 
-63.295490757 -3.45173466881 1500405.12109 499892.792357 30.0306028156 38376.6606891 1.46087543623 1.0431300355 6.2828110691 -1.10615597123 0.618251472161 
-63.8680584644 -4.00644372706 1499770.1029 500044.073897 25.5238474586 38456.3314971 5.96999002709 1.03539789677 6.15971402404 -1.11283302109 2.28294384824 
-66.6472527501 -6.88577773538 1500700.09549 499786.413404 48.5528155902 39475.8589178 2.27410045471 1.03816152724 6.17669280404 -1.0610659779 0.684418545697 
-68.1969921048 -8.43430322804 1500025.95852 499926.478508 48.9531341983 39899.6180373 5.43820347928 1.0303423604 6.16400673158 -1.05923553194 0.695734988753 
-65.5239568493 -5.62708562845 1500325.42679 499732.696953 18.2990621763 38186.8282199 4.08321975203 1.03158057138 6.16061393535 -1.12888295923 0.719820874905 
-61.7291069317 -2.68072015373 1499586.75759 500301.42498 -688.741168737 36782.5544719 5.50359675279 2.09751189474 3.13710318042 -0.123523821813 0.943874517279 
-68.5339361381 -8.70765477954 1502010.44979 499294.174159 33.5648873522 38608.9461978 0.0509663354151 1.04069811784 6.22753503355 -1.09663743023 2.23197814248 
-63.3034582872 -4.25446596812 1499903.55577 500242.97373 -688.174248143 36543.4064185 3.96676520473 2.09676943519 3.1418882859 -0.13089308864 2.50816490032 
-65.34198321 -6.3020413816 1499581.10904 500227.611834 -691.730223751 39771.7425573 2.20056795882 2.09634264365 3.09387448417 0.008238138845 0.956380665795 
-67.6717590637 -7.84727772395 1500532.45429 499706.265412 32.2603091663 38962.5726898 4.70302787895 1.02813615941 6.09503726358 -1.09193557377 0.762183893312 
-65.2594377762 -6.21008238103 1499116.57493 500522.833308 -689.127121504 37597.3335516 0.76630883344 2.1039258077 3.19823726986 -0.097195441716 2.52850779547 
-64.4815031554 -4.55071011255 1500763.03121 499835.11157 11.3795813883 37425.7666045 2.20784710353 1.04126670238 6.25270517951 -1.14697475261 2.22096794828 
-67.6752042795 -7.86382783763 1499839.88217 499918.791783 37.8060000527 39012.2343987 0.232588839018 1.03714881436 6.23487510341 -1.08792438982 2.21961088294 
-65.317071475 -6.26552191447 1497956.47833 500729.641837 -689.529475982 38351.94025 3.87006418282 2.11084564633 3.20513061774 -0.0795844220834 2.53411496105 
-62.0266691325 -2.97590626427 1499371.74758 500271.309062 -686.9026497 36110.624489 5.58593336724 2.09635794364 3.14059825209 -0.147369186357 0.93660377288 
-66.9519623373 -7.88679960929 1499739.818 500230.20644 -683.622597002 36258.5311105 1.04798530444 2.11567850314 3.23571895889 -0.165021352347 2.50629991107 
-67.6794992781 -8.63488293299 1499965.55914 500078.354683 -691.567670579 38572.4111588 3.79049854689 2.10197688009 3.16099285148 -0.0540553500599 2.5352426743 
-62.1337825757 -3.0827625494 1500256.33311 499986.851263 -684.363796794 34901.4593341 4.14198914562 2.08724939791 3.11673147794 -0.180404566054 2.50184058269 
-65.7141578487 -6.66076202271 1499298.95664 500406.495155 -689.29524706 37732.2203161 0.765813992017 2.10979276481 3.19146668443 -0.10379743475 2.52593579104 
-64.0761423705 -5.03423929471 1500645.88257 499865.073014 -686.001887005 35422.9351196 0.917911581565 2.08091081324 3.06958085649 -0.146717859547 2.50618522673 
-67.2073926619 -7.18351790938 1499131.94003 500143.30875 -7.22313714662 36504.1551793 2.95648254969 1.03694528408 6.16492988692 -1.18589076602 0.734546024309 
-69.906266696 -9.96550486586 1498577.58056 500583.680091 8.06798784931 36811.0397667 0.48534973471 1.05307102785 0.0656424736168 -1.15445420138 0.575048673894 
-61.3095505709 -2.26399052562 1499922.71309 500174.816922 -685.204914723 35237.9967317 0.953596771387 2.083146783 3.08211224931 -0.161308916878 2.50218926666 
-62.3327451865 -2.40171085065 1500458.80327 499881.494418 11.3795813883 37449.1420705 2.20658359304 1.04111694579 6.25212538408 -1.14709364785 2.21938647593 
-61.05835174 -2.00898370822 1499903.64988 500120.375736 -690.184497138 37967.019427 0.723391775 2.10595279808 3.17832187459 -0.0873985134861 2.52726442476 
-62.3150620668 -3.26245683665 1498941.5358 500602.247454 -687.450665282 36727.5040274 0.847347848994 2.10242794859 3.18219706754 -0.132630284919 2.51624362884 
-64.1198465591 -5.07666735677 1499277.74682 500530.119923 -687.388063738 36279.7981388 2.41293478861 2.08708006384 3.0836092673 -0.127761322594 0.938243032575 
-65.5109915313 -6.46355231525 1498790.04451 500525.505909 -686.515933049 35992.4227851 5.58968494166 2.09071772349 3.11237871626 -0.146058748718 0.936277884569 
-60.9300248568 -1.88466253411 1499103.19981 500461.24507 -690.48906353 37780.1029459 5.41253535782 2.09914577343 3.13855192644 -0.0856831152378 0.949177496317 
-63.1386301997 -4.0843697479 1500442.55288 500022.23533 -686.326833932 35954.546513 4.05758376669 2.099524163 3.16660958148 -0.156756960208 2.51093842111 
-64.5308884648 -4.55391164753 1500956.74214 499661.117575 1.9355294852 37000.2539725 0.22255701082 1.03901451865 6.2215705464 -1.16677502757 0.680280689401 
-61.5914422049 -2.53689702437 1499263.49125 500432.655094 -683.950367001 34977.2889415 4.1579392008 2.09203492396 3.15141810775 -0.183466120567 2.49971949028 
-64.014518722 -4.97027922445 1498062.17988 500775.376763 -687.03561027 36119.1715325 2.41608502581 2.08770344998 3.10166389222 -0.135520734509 0.935538148926 
-63.9022925069 -4.8543766106 1499110.85535 500375.249187 -689.045747849 37243.2855897 3.911426127 2.09969611982 3.17152732308 -0.110107979083 2.51977661539 
-67.2341753474 -8.18287930149 1499022.74232 500535.852043 -674.975929167 32232.9586905 2.97610098041 2.06267835472 3.03615301855 -0.243406198599 0.922196591305 
-64.6637264796 -4.86983308103 1499104.22949 500287.117551 41.1501399681 39234.8302302 5.08851351336 1.03466142302 6.15747255407 -1.07773234999 0.705534177841 
-64.4446851813 -4.55025808001 1500158.75912 500065.638555 7.67544816547 36451.8125904 3.59548890583 1.05896751907 0.301901932594 -1.13493113711 0.375884706776 
-61.9862568852 -2.93429445312 1499830.51111 500157.456247 -684.072074443 34805.9672916 4.15460947973 2.08774119789 3.13623956962 -0.183694752299 2.50064695774 
-62.5078439012 -2.65426383191 1501263.03781 499591.695738 27.5867550402 38199.1343741 6.06199860298 1.04384595995 0.0244776027666 -1.11127170817 2.1688008181 
-62.8646897254 -2.88912185002 1499523.23962 500075.3494 2.12878033452 37202.323231 1.79384156328 1.03465235 6.16411287826 -1.16512040234 2.29345947196 
-64.5861635983 -5.53856629529 1499388.7844 500264.908208 -690.772533171 38342.953215 2.26028314909 2.10483707513 3.16562408794 -0.0743753017286 0.954419639007 
-61.8595194451 -2.81809900887 1499735.6725 500298.254752 -690.033321133 37473.7913216 3.86524748917 2.09202052297 3.09372002122 -0.0866914128764 2.51612445733 
-62.7555623412 -3.71724067139 1500533.41977 500019.125637 -687.172522864 36564.0471785 5.57201911499 2.08374638131 3.03660429302 -0.10378626674 0.933672453811 
-66.4150149219 -7.37385473284 1501636.32408 499461.927437 -688.396737554 36384.8336587 3.9598134071 2.08677375856 3.07701610505 -0.117364392841 2.51106182211 
-66.6326877643 -7.56678986223 1499446.94912 500445.222467 -679.248264899 33961.1032966 2.82197188404 2.09599869785 3.18826641486 -0.226371695628 0.913306807016 
-64.7545486417 -5.70493031107 1498597.51648 500784.347839 -686.846936705 36000.772254 2.44605268058 2.09329228815 3.13787263261 -0.148166534298 0.933642216719 
-69.4080990897 -10.3703196896 1499152.0508 500250.428278 -691.406510231 40081.408012 5.34740624698 2.09225713071 3.09304081097 0.030667184267 0.957489759826 
-68.2911389898 -9.25444177771 1500661.52063 499775.945805 -683.074054834 35998.1169922 4.17355217392 2.08022270239 2.98224506477 -0.110779408114 2.49926474583 
-64.560874548 -4.59157495853 1500354.89428 499987.262913 3.11819658398 37219.2745367 4.98282782389 1.03629790933 6.16376644299 -1.16267666725 2.29607538176 
-66.8939731137 -7.84624260967 1500709.94114 499919.650469 -691.951487519 38996.0525526 2.2158846565 2.10747621642 3.16769404732 -0.0478627936506 0.966423081837 
-63.1048133811 -3.16683875886 1501080.97747 499544.704837 9.2990313817 37428.2991449 5.25509087929 1.0375109722 6.17590201958 -1.1493777118 2.28082088295 
-65.8167147754 -6.02005192591 1501214.7177 499638.163968 39.6915046732 38625.675605 5.0259744285 1.04798569437 0.0541822803145 -1.08331425989 0.568777579482 
-65.9328060944 -6.88466375903 1499107.81141 500569.435601 -687.718315419 36327.8266525 2.40632761172 2.09388590319 3.12213061116 -0.136081199016 0.936394189664 
-62.3328882054 -3.28817077354 1499692.34646 500309.859632 -686.025913906 35579.64631 5.62499101633 2.08426757061 3.08908350777 -0.151215594208 0.93327613258 
-64.7729419025 -5.73314877739 1500324.09449 500085.760777 -691.731711083 38525.6791435 5.36061145644 2.09389591858 3.10910499705 -0.0466495758778 0.953771565479 
-63.0565396189 -4.00807230873 1499620.36308 500240.628506 -687.04690464 36035.1078323 5.58405950574 2.09223048294 3.12525490052 -0.147250657654 0.935390597726 
-64.1392250681 -5.09898070828 1500583.10476 500022.942403 -691.447588728 38238.3265517 2.2410611071 2.09373733337 3.10850812129 -0.0562729668313 0.946732815638 
-63.0571691512 -4.01389952959 1498693.77419 500649.004652 -691.182948885 38388.2177634 3.80175827341 2.09849909776 3.13952229283 -0.0609373629705 2.52348800658 
-64.2976848509 -4.44399877591 1500179.59992 499856.346997 24.044757872 38661.1210066 4.33567536955 1.02437954993 6.04503701109 -1.10564861726 0.802203001311 
-65.3983494241 -5.5700650448 1499809.81146 500200.863184 33.8684607042 38629.4704829 1.62676206742 1.04138189242 6.27661383576 -1.09769088157 0.617123475163 
-60.9624840155 -1.08320530946 1499712.25163 500136.392111 22.3451223348 37998.6089006 2.68682214286 1.04323805949 0.00463378657714 -1.12359175846 2.18514481747 
-64.4719120658 -5.41659157025 1499600.72258 500250.064236 -687.979649848 38085.9689615 5.53175236899 2.11506130152 3.23442307828 -0.0922698091196 0.966382964768 
-66.4316921435 -7.38764278335 1500362.74122 499997.265218 -690.764550127 37817.5570711 2.27654203405 2.09757517559 3.14641447985 -0.0819922202762 0.946434651403 
-66.1296809136 -6.40049554547 1500089.79885 499946.012928 48.7514756331 38789.4458946 2.27980152319 1.05407621498 0.239173649339 -1.04801725326 0.429057261825 
-65.3477330761 -5.43090847391 1498893.29817 500337.192755 12.1084591816 38035.2858038 3.81263472577 1.02550967144 6.07435143972 -1.13639880354 0.792797187078 
-62.0056950829 -2.94915582659 1499039.19007 500550.855847 -686.860572389 36804.941188 5.59263957338 2.10820940373 3.19897874658 -0.136681655991 0.94369321803 
-67.7287362661 -7.75758917816 1500967.51472 499527.959779 2.46727387096 37160.4966549 3.38544110685 1.03661132418 6.17209166976 -1.16377493483 0.71721522161 
-66.8022163605 -6.72341402061 1499929.85032 499984.359865 -16.849639065 36116.3896207 0.956128597302 1.03559222088 6.18102924328 -1.20706377432 2.29177032021 
-71.4271450448 -12.3592061696 1497942.11125 501087.533984 -682.834493632 36847.9529725 5.7687677887 2.12259280965 3.26102471949 -0.152789293326 0.949495101544 
-61.9326901315 -2.88714339375 1499580.9524 500324.410193 -684.348744596 34861.9489369 0.98959935654 2.07996978951 3.08543559371 -0.171408224984 2.50104257528 
-61.7782162883 -1.80903791939 1500220.8378 499955.850439 3.10350829431 37203.9164418 4.98281330599 1.03618863943 6.16453441587 -1.16266208158 2.29528367967 
-63.5953330203 -4.54256420326 1499951.59997 500247.604156 -683.315486928 34628.5543941 4.19130546807 2.0864585467 3.12304895676 -0.190423382614 2.49813341765 
-66.2001213617 -6.30328036565 1498468.7394 500524.920082 18.5146512413 37680.1652088 2.5132154869 1.04505357177 6.25453337492 -1.13244476208 2.21043649779 
-64.5159236001 -4.52083634445 1499292.19358 500413.142208 -1.40208990085 36694.3802423 0.0671357053687 1.04262921294 6.22095850279 -1.17515638147 0.679609230201 
-62.780100908 -3.73270131671 1499693.01076 500262.184323 -689.933079597 37439.9049601 0.736687343762 2.10017771867 3.158856266 -0.101047131216 2.52255102288 
-64.3877390925 -5.33701524488 1499936.16735 500077.378806 -685.692601808 35558.2725926 5.64949232714 2.09204944407 3.12877466862 -0.163081357398 0.929828863224 
-64.5195672265 -4.65502856835 1500058.87074 500098.749101 25.0973344249 37965.7842299 2.81270406994 1.04623778785 0.0114912780471 -1.11723146019 2.18147148658 
-67.7745386506 -7.92820371874 1500421.20463 500039.747534 29.0079198505 38197.5152721 6.11994393435 1.0460563265 0.0308730013503 -1.1081428981 2.15821225566 
-67.3506378797 -8.30044669379 1499387.98042 500206.630894 -687.814065188 36426.9311132 5.54153237236 2.09808557845 3.15456141392 -0.137197019768 0.945738782708 
-62.6304274059 -2.72508998634 1500367.58031 499828.951983 16.1401252282 37445.5384307 2.41194552916 1.04668972959 0.047574836026 -1.13690437223 2.15559962663 
-65.7424571934 -5.75363248494 1498952.96167 500456.102466 -0.136835223163 36655.0551398 3.26157234382 1.04672682783 0.00900224660173 -1.17358981123 0.62160890799 
-63.2760417729 -4.22314958787 1499137.12393 500451.74109 -684.038766214 34887.3104264 2.57672444326 2.08956436499 3.13900023148 -0.182426831096 0.931040575609 
-63.0382863922 -3.99122187891 1498720.63085 500542.652254 -687.167370852 36206.078196 3.99292826828 2.09185282345 3.11426083355 -0.138997534828 2.50556919068 
-62.6595047507 -3.6154607581 1498890.26161 500572.302701 -686.991380638 36031.8121192 2.42943857102 2.08692022767 3.08835995901 -0.136268936365 0.934638997601 
-62.5013370474 -2.45478855888 1500146.48381 499995.095311 -11.5003859205 36088.2068786 2.76447285563 1.04192149488 6.19575006417 -1.19595892694 0.706898445543 
-61.8513293587 -1.84804406087 1500026.64156 500013.401637 -2.94581589547 36714.9278713 4.71451741313 1.03897264628 6.21128409321 -1.17780490937 2.26126067493 
-67.0106243943 -7.12544072676 1498925.34513 500519.469804 16.3184526457 38511.7748798 5.56430593402 1.01778005131 6.00696245698 -1.11895665794 2.40764426044 
-62.0405596321 -2.99836923159 1500670.65732 499815.357295 -691.18727762 37982.9260109 2.25050717136 2.09610082539 3.11662102324 -0.0709755014599 0.950095472109 
-61.8526121672 -2.00069244532 1500591.92013 499843.358927 27.1794039041 38032.0589606 1.3297693056 1.04690215019 0.073266903559 -1.11129897859 0.559961147614 
-67.8527620728 -7.92512319027 1498993.85619 500425.731124 12.2032209385 37497.0122648 5.37582577346 1.04106457052 6.20817515108 -1.14549478126 2.25306041793 
-63.3562104726 -4.31380575732 1500196.58298 500163.702248 -685.405736431 35294.3709492 2.51294995905 2.08009027785 3.06641737532 -0.151133459081 0.933582071123 
-65.9769786139 -6.09755816124 1501382.23671 499488.942551 21.1924464317 37696.5065338 5.78372391673 1.04795290078 0.0290375408257 -1.12505490148 2.16917652852 
-62.0334969396 -2.98003824009 1499723.29797 500206.115583 -688.942556593 37832.1522195 0.782099390874 2.11059863457 3.20302818433 -0.100856384085 2.52757443346 
-64.7417619359 -5.69058561791 1499217.75705 500267.514338 -686.55186648 35982.0005255 4.0352693444 2.09597738515 3.15807962182 -0.152299822315 2.50468910826 
-64.2097828461 -5.15959682246 1498544.16975 500640.453717 -685.211214717 35344.4125858 4.08110671408 2.08982655333 3.11936901409 -0.166321077041 2.50562049148 
-68.0293968645 -7.95677338331 1499393.79081 500286.933218 -15.8518614412 35676.2394119 2.5683517141 1.04820816235 6.28038633728 -1.2074240521 0.639486599879 
-62.5394962414 -3.48437797488 1499764.95785 500242.972742 -683.512344016 34804.6031186 4.18373016383 2.09072064711 3.13832843022 -0.19071004649 2.4981730306 
-65.2032987097 -5.1977418398 1501261.32041 499466.810981 -5.13518995049 36703.1348422 3.05126946017 1.03526767844 6.12750527868 -1.17795138872 0.759148265173 
-66.1084930202 -7.06396008702 1500929.55231 499818.049442 -691.947074388 38636.0856249 5.36642955936 2.10148348831 3.13260551348 -0.05559485227 0.951789451007 
-65.6243037558 -6.57905227901 1501276.16872 499708.485599 -691.528854218 38200.7453803 2.25214531151 2.10109565844 3.14181397506 -0.0704059745336 0.949426488511 
-62.770437598 -2.89493045816 1500165.81167 499885.559498 22.9622497176 37944.0384583 2.7092720919 1.0438326312 0.0348690506383 -1.12204140087 2.15824806485 
-64.5201363157 -4.61399956513 1500294.17672 500007.65181 16.3086040982 38005.7652411 5.56237679615 1.03477601921 6.17351496308 -1.13388503869 2.27638616162 
-67.7108759702 -7.978724143 1500264.3354 500053.950142 55.3346904533 40085.4912181 2.58176959815 1.03131531016 6.13232744048 -1.04183946716 0.718070153776 
-64.2825271993 -4.38189561176 1501462.42116 499552.186829 17.5970547349 37906.0346353 5.62179313312 1.038536224 6.21714751618 -1.13241202586 2.24344179718 
-67.6103202495 -7.63444040366 1499334.69118 500406.056502 -10.4782595944 35309.7404545 2.78856833493 1.06424192164 0.334711722226 -1.17225353413 0.348327987339 
-61.9150536866 -2.03742391896 1500500.73488 499766.110406 22.4792261849 37939.471856 5.83378470254 1.04342398628 0.0167106212136 -1.12295545873 2.17531810679 
-64.6811803375 -5.63770579407 1499355.36983 500400.817916 -690.807064686 37848.6434382 0.687230956298 2.09680957189 3.15432467079 -0.0787001606156 2.5256126801 
-64.1901042964 -5.14258102584 1498556.79095 500610.430642 -688.911052266 37009.1853974 3.91378317561 2.09766343422 3.15806872576 -0.116200477845 2.5178169607 
-66.7128601643 -7.66473774333 1499575.78582 500516.160213 -687.370067914 36171.0013582 5.56915841518 2.09259083382 3.10620407647 -0.139827434358 0.937170469174 
-63.0664860344 -3.11589635885 1499400.60593 500102.336654 7.33277824022 37301.1343355 5.16616770617 1.03965978933 6.20464493836 -1.15555044668 2.25968031296 
-65.0059446824 -5.17631637701 1499381.76801 500123.648276 30.8475852194 38982.5305732 6.20494644255 1.02581324538 6.07777600319 -1.09383889656 2.34065046394 
-66.0642589019 -7.01271970384 1498865.6349 500748.579796 -688.20700255 37067.5340988 3.95444853364 2.10292328773 3.18894829109 -0.120039915417 2.52202329544 
-64.3895504771 -5.34496183787 1499872.54116 500169.368665 -690.838438349 37895.5120591 2.26143313818 2.09845859067 3.12595774678 -0.082084516905 0.951308406791 
-71.1950895896 -11.2473742906 1498715.89963 500404.950912 -7.51221631452 35299.6877481 2.91013033345 1.06487119115 0.36916512702 -1.16052701549 0.315760913074 
-63.7976958883 -3.99581775442 1500592.60291 499895.425922 38.5954835537 38779.2183025 3.40639054361 1.04506186292 0.0777385253368 -1.08512571212 2.1225483789 
-62.6252212412 -3.57169367513 1499984.24786 500084.617445 -685.015858054 35346.7497576 0.972154156977 2.09431412765 3.15868596513 -0.171682796106 2.50311683218 
-71.9197421298 -12.0553543619 1499982.30074 500079.935269 25.0973344249 38109.852124 2.81163436464 1.04593397513 0.0118588527977 -1.11711538862 2.18101200361 
-61.8797301375 -2.82907625451 1499872.70381 500178.796029 -688.3484436 36831.0391794 5.5290517436 2.10076580328 3.16659990144 -0.126879101308 0.944062802473 
-64.0760999648 -4.16866244748 1499780.29493 500074.405453 12.8173609468 38014.0903096 3.8389987604 1.0252238272 6.04762183928 -1.13190615312 0.809191665705 
-65.1360139216 -6.09707338153 1500478.96924 499980.133732 -688.756374338 37076.7717348 0.78818196458 2.08719817719 3.06292566655 -0.0913321556032 2.50590231326 
-61.2784755413 -1.3734238667 1499685.3863 500053.784098 16.1599717294 37483.5234559 2.41255612178 1.0470434497 0.0466062577514 -1.13686901896 2.15569177031 
-62.704514905 -2.69361034944 1499882.30607 500104.681736 -5.81101835387 36727.4718368 6.16358270774 1.03414495858 6.12211845406 -1.17973839051 0.767153380407 
-61.8858770758 -1.87440276705 1499992.66104 499928.563523 -5.80136054102 36791.1800349 6.15957205014 1.03262999225 6.12008899096 -1.17971596797 0.765568566504 
-62.564277687 -3.51045719395 1498715.38022 500560.477013 -686.841621397 36402.1628356 2.44513791196 2.10216928062 3.17805974307 -0.144130615367 0.94221185932 
-66.3081777748 -7.24584829831 1500026.23383 500060.097521 -685.705552513 37168.8108998 5.65505629911 2.11867757061 3.23846993393 -0.13522083991 0.95179085873 
-65.6288205623 -6.57908000611 1498568.6623 500639.250193 -680.879105718 33823.532998 4.27530572794 2.07653245067 3.07435787071 -0.203807557383 2.49879668239 
-62.8212258229 -2.80957821198 1500503.41445 499861.599625 -6.11409253317 36658.3300867 1.4371982998 1.03552476444 6.12640883891 -1.18041174402 2.33305078132 
-66.4251537012 -7.38441518764 1499690.8117 500398.808474 -692.447671204 39729.7586572 2.17867296356 2.09705128564 3.12500577961 0.00281946000834 0.961580017381 
-63.851448238 -4.81073194742 1500106.98659 500204.933398 -690.628162964 37720.3331483 3.84629005896 2.09225054253 3.09758732714 -0.0756626601008 2.5132828735 
-68.6677373592 -8.6493811917 1500669.63521 499716.721868 -7.06872814807 36448.2277533 2.96002503416 1.04158301635 6.16398890676 -1.18468810053 0.728404520768 
-64.411156151 -5.35006149416 1499575.60762 500192.169694 -686.623741686 37677.0523923 5.60017944987 2.12066930046 3.24221609054 -0.116091676823 0.961147384514 
-65.1009463099 -5.26523194253 1499603.54934 500107.46025 31.9684853572 38387.9484732 1.54208369156 1.04319526787 6.27435384393 -1.10217717781 0.621958120793 
-65.8574801777 -6.81479720748 1499093.16956 500523.892902 -692.205190202 39911.4699655 5.32302452033 2.10064333704 3.13021929989 0.0019127947928 0.961084139885 
-61.7328168323 -2.68089777883 1499437.25863 500387.177209 -688.826362056 37372.1788605 3.93128662114 2.10581814783 3.18776854589 -0.111531940035 2.52044530135 
-62.4322218631 -2.44522586954 1499733.83566 500129.425049 -0.148886785029 37015.1954192 4.83592981068 1.03616090858 6.17274158692 -1.17026950368 2.28787286285 
-63.852185875 -4.8085835909 1498861.73246 500392.56356 -689.137183371 37040.1323483 5.46766690483 2.09308369302 3.10766880872 -0.106925566438 0.942647284469 
-70.1820160146 -11.1133275542 1500736.62273 499904.709417 -683.375348932 36743.3229761 1.06479273892 2.12409847496 3.26175998291 -0.154857297904 2.51978775639 
-61.3403403693 -1.50713380217 1500247.27633 499941.490026 31.8097224041 38359.3097482 3.10360304907 1.04576033343 0.0531431647062 -1.10161244237 2.14228402979 
-64.3470421187 -5.30217391229 1500388.65158 500036.916739 -688.113518584 36580.075545 2.39172684288 2.09163853201 3.08829416253 -0.122456604159 0.9396003042 
-65.2695146134 -6.20337648014 1498923.05017 500452.313254 -682.803129508 36155.3877365 2.63762679291 2.11668318026 3.24075776872 -0.167799560344 0.939328659137 
-62.0288255907 -2.97838172456 1500082.88935 500043.823183 -689.346504403 37337.8807216 2.33911282486 2.10388290428 3.16743026326 -0.110861968886 0.949834251263 
-64.2101680865 -4.32679254608 1499813.0997 500005.25608 21.4313074596 38136.3856223 5.78976124636 1.03795547676 6.21314461186 -1.12416459145 2.24261120271 
-63.1716880041 -4.12422552844 1499484.20923 500383.015407 -690.577981261 38070.9709952 2.27419620612 2.10305314116 3.16450506287 -0.0822537891216 0.954344582147 
-65.4217379954 -6.37566648982 1501316.53044 499612.942855 -689.298815242 36779.3225648 2.35738440939 2.09503075468 3.13244385297 -0.118151797203 0.939287298824 
-63.1981329515 -3.34429006884 1501184.29131 499539.333029 27.5867550402 38211.5592555 6.06132622766 1.04312454986 0.0234582579802 -1.11127170817 2.16798781663 
-64.7568115745 -4.84107806161 1499688.25417 500033.206804 11.9656446385 38022.4855449 3.80110386273 1.02474142975 6.06795942888 -1.13571152725 0.791919025038 
-61.8012918227 -1.76446696953 1499899.67376 500006.976373 -9.47097782901 36292.7408557 2.8550826299 1.0403285591 6.2038728097 -1.19179647798 0.700272278214 
-65.1360139216 -6.09707338153 1500478.96924 499980.133732 -688.756374338 37076.7717348 0.78818196458 2.08719817719 3.06292566655 -0.0913321556032 2.50590231326 
-63.1067799091 -4.06536179478 1500795.97141 499883.034226 -687.834043912 36279.9350969 3.98210442644 2.08594304425 3.07499958605 -0.121084924047 2.50448720746 
-64.2216677463 -5.16956361779 1498932.78148 500518.825846 -687.938029941 36845.0850211 5.5374067496 2.10223149547 3.16223329307 -0.131023184768 0.940911403915 
-63.8089036892 -3.93151879008 1500640.83107 499766.891261 22.3987450544 37970.4155855 2.69381024511 1.04436875864 0.0125394386983 -1.12305625089 2.18220990032 
-64.6754145317 -4.84917046758 1498455.15899 500608.301449 34.3427722604 38947.4593053 4.78894608189 1.03546909477 6.18325235038 -1.09489966653 0.691865649535 
-62.652816182 -3.60079387505 1499796.10127 500261.497907 -686.22905549 35710.7909876 2.48434676554 2.09468388729 3.13812033138 -0.160052567579 0.936550907042 
-61.0817982982 -2.03146323445 1499934.69474 500128.212649 -690.091979984 38014.6183092 0.728893299468 2.10738747991 3.18307549754 -0.0882921051409 2.52788729731 
-63.2066718644 -4.16492473124 1498472.15305 500731.313158 -689.926705176 37409.0318232 5.43194716858 2.09187246716 3.10836685151 -0.0910603352389 0.943358417918 
-62.2491173085 -3.20947365812 1499084.03171 500420.286693 -690.908103257 38067.0262904 3.81432865499 2.09247778915 3.104627381 -0.0618453558728 2.51828229211 
-66.8396413645 -7.78366010613 1499164.98047 500563.376588 -688.223748387 37755.702314 5.52953048361 2.11296447917 3.21659242798 -0.108100353224 0.956000519954 
-64.1243791558 -5.07260319172 1498624.33659 500690.110515 -683.512866577 34848.1246149 1.01978816973 2.08693098303 3.1062314094 -0.183769225151 2.50077203937 
-64.5496012129 -5.5103377949 1499550.48987 500251.220334 -685.239022686 35734.985087 0.93243679572 2.08003124056 3.0334402666 -0.131050999664 2.50469632681 
-71.6197243252 -11.6484431888 1499908.64078 500102.369656 1.32089658186 36473.8981169 1.76344393637 1.05318616739 0.0797974106022 -1.16776687462 2.13704166269 
-64.4623130521 -4.57445909409 1501181.65366 499653.211648 20.1311915254 37877.4981141 4.16579360886 1.04264160399 6.25009673731 -1.12751183681 0.646963979457 
-65.3329789911 -5.45545585034 1499599.43546 500226.476571 22.4359164505 38227.5022717 2.69089838704 1.03636274296 6.17606549794 -1.12075269714 2.27064778084 
-64.7954335167 -5.74282630789 1499023.1591 500408.136264 -689.773053994 38751.901024 2.29985153961 2.1140991387 3.21832868779 -0.0663174860529 0.968656149515 
-65.1614774312 -5.24394178111 1498997.75561 500303.828823 13.9425433521 37861.1220226 0.745507376492 1.03209939156 6.14622734091 -1.13856210634 0.732714809846 
-62.8420484339 -2.96676706011 1499883.76442 499953.97801 23.1366711371 37923.5663178 2.71927021712 1.0438664948 0.00248367537027 -1.12196680913 2.18518264869 
-66.7757785697 -6.92056597816 1501048.51299 499563.816177 26.9914027373 38359.232112 1.32766108609 1.03772871778 6.19069051757 -1.11040325172 0.690815376833 
-67.5206029218 -8.48331396119 1499798.83187 500172.480237 -690.077162761 38343.4651555 5.42550595136 2.09019852033 3.06055477151 -0.0420467777792 0.939013430809 
-66.169881551 -7.12826526002 1499631.49564 500255.242767 -688.658898217 36807.0739814 2.35145585007 2.088669209 3.08973953068 -0.109712619121 0.94472002181 
-63.2769694589 -4.23879618919 1499959.26748 500212.184183 -686.545018764 36358.8593416 5.59549848068 2.0823392095 3.03319268632 -0.109753427747 0.93051662623 
-64.8629713826 -5.81131598726 1498652.27266 500525.948035 -688.253916284 36898.8137769 3.94732445015 2.10267275155 3.16640089657 -0.126895083909 2.51561302987 
-65.9922883889 -6.06854755455 1498895.36153 500442.605409 12.4717165126 37724.0746415 3.81996128245 1.03333981868 6.1487101677 -1.14165717419 0.728051215886 
-65.7623979844 -5.8910179683 1499631.06886 500120.032627 23.8392862302 38055.1606607 5.89896792346 1.04419884002 0.0199400934977 -1.12009771024 2.17566335911 
-61.9078674779 -2.85522707575 1498987.08035 500521.012307 -684.794383384 35237.510739 2.5414033416 2.09186300259 3.14397409971 -0.173498215688 0.932397435628 
-63.3355110455 -4.29252393707 1499131.34914 500422.611584 -687.023400763 35998.7302335 5.5715386267 2.08555060798 3.08592941006 -0.135224093239 0.933475021299 
-62.1536776128 -2.26850920799 1499285.16491 500189.019921 21.1439735807 37893.3193041 2.63483678033 1.04322239676 0.015058806492 -1.12648749308 2.18016838036 
-62.2998979545 -3.24934857432 1499879.95225 500061.192134 -687.66928733 36435.1793633 3.98546031218 2.09831073097 3.1475484775 -0.138564810106 2.5101152013 
-68.4195876269 -9.37301509292 1499019.36524 500659.749882 -691.036610705 38629.8944157 0.675253850812 2.1038025008 3.17370333633 -0.0601842327676 2.53045873205 
-60.9425350243 -1.89252788736 1499725.99229 500291.186131 -688.354865596 36771.6503276 0.814240230346 2.09941750791 3.16489635518 -0.126997524395 2.51536302478 
-62.1302037317 -3.0833015719 1498549.00568 500747.906198 -689.628005963 37385.7980585 5.4475625261 2.09873359213 3.14428003605 -0.102406488106 0.949316836925 
-61.9768380141 -2.93019597814 1499851.67204 500181.650063 -690.634889727 37993.8490912 3.84168777632 2.10224989661 3.17290774937 -0.0799116160697 2.53044590195 
-65.4286076439 -5.53160353261 1500727.84469 499850.688358 18.2214795462 38265.7236951 4.07955595033 1.03030467092 6.152085523 -1.12834515216 0.724629330932 
-63.361198965 -4.31188911316 1500071.04853 500037.123594 -691.15454101 38730.5035121 3.81777674074 2.10922565228 3.18114219385 -0.0611889428191 2.533910743 
-61.8356618106 -2.78521417873 1500077.00339 500136.125553 -687.950003734 36419.661148 5.55012849855 2.09807674355 3.15000542153 -0.13678442431 0.940161077411 
-64.1204986067 -4.28225538833 1500161.62303 499838.617175 31.2151777676 38407.0296341 1.51310623597 1.04343639307 0.00459532184723 -1.10360976431 0.615009723266 
-65.8149741657 -6.75687292078 1498392.90403 500802.331853 -687.788309961 37900.4827209 3.96423552421 2.1167419176 3.22346003772 -0.106920576877 2.53198188352 
-61.8547859262 -2.00318110129 1500356.19965 499843.358927 27.1906508467 38087.8218944 1.32942402778 1.04717536703 0.0717177795 -1.11129897859 0.559985794677 
-65.2427548213 -5.27657209802 1499730.62966 500141.206972 4.27922938943 37122.4570913 3.46532865891 1.04061261016 6.21377578549 -1.16247472449 0.688627192949 
-66.6758286115 -6.70454808394 1498287.4414 500619.566699 2.76008293102 37434.8174019 1.82443046488 1.03088909524 6.13284028126 -1.16218960961 2.3207101476 
-66.464040756 -7.40948544513 1500225.67093 499965.081675 -689.243140542 38729.5792483 5.47219622149 2.11718286811 3.23220865501 -0.0687301072293 0.977657140277 
-64.5044387547 -5.45455537317 1500605.24484 499820.60385 -690.518244459 38139.1416508 2.28888530296 2.10777886482 3.18788707093 -0.082252219856 0.959655807755 
-63.9735898047 -4.064242044 1500342.64627 499864.674132 16.0038257211 37748.340569 0.833716304888 1.04008682553 6.24692649798 -1.13695518616 0.645063070265 
-66.7217994291 -7.67865230911 1498142.83092 500757.760155 -691.841609412 39919.1165412 3.75102628138 2.10171546043 3.1698463409 0.0029187439987 2.54623202977 
-61.9155821313 -2.86948704673 1499372.70549 500355.958049 -689.707799404 37341.9202376 3.88501773455 2.0978389173 3.14302819617 -0.101895657489 2.51452826967 
-66.0629923016 -7.01566161425 1499183.70916 500596.51625 -690.901009355 38603.4441146 0.683829555807 2.10487799184 3.18052906925 -0.0624571932312 2.53075898472 
-66.7569234832 -7.0469865317 1499390.03104 500270.996677 62.5133902237 39992.2487994 4.46385577599 1.04291650542 0.000736045672045 -1.03285673441 2.17472603244 
-63.6214081807 -4.57306423481 1498882.91421 500512.832816 -687.328264318 36268.8647983 2.41442877257 2.09405767355 3.1186010142 -0.138725578105 0.939845472254 
-65.3860915085 -5.39278492495 1501184.39311 499546.987994 -2.87939420189 36801.7079594 3.15315876558 1.03529699266 6.12357525206 -1.17279977555 0.762795643282 
-64.9523050815 -4.95353693771 1501774.82998 499395.513406 -2.72037414776 36526.4059546 3.15721066062 1.04343053201 6.23350303025 -1.17704301653 0.671901670951 
-62.1757487296 -3.1233692863 1500378.22461 499964.778989 -682.411116206 34149.4122703 5.80636053271 2.08248392631 3.11817295256 -0.201183479853 0.926199995155 
-63.8140147325 -4.02243147814 1498852.03521 500412.580724 42.5745767827 39100.4380727 0.438302309585 1.04164792263 0.00903854448611 -1.07865859673 2.1743843481 
-66.4758516333 -7.43281289679 1500921.77441 499758.00444 -691.599053192 38130.519162 3.80816071687 2.09812097938 3.12589143962 -0.0654439092848 2.5217493639 
-66.0047626788 -6.96738844435 1499157.8379 500394.028907 -685.746785188 36621.966456 4.0422348573 2.08332871255 3.01499567334 -0.0984174954075 2.50219335105 
-66.0483220448 -6.99954927876 1498382.49559 500854.133756 -690.977295161 38519.0136243 3.81436847453 2.10662690736 3.16468783427 -0.0689290244134 2.52798588651 
-62.4552194019 -3.40866674832 1500442.50605 500019.828742 -686.84476353 35749.5836238 2.45495736066 2.08843793284 3.10743898704 -0.148244331181 0.937711533289 
-65.9472403343 -6.88072714559 1499517.21925 500415.199713 -682.281269712 35399.5308901 2.67895394846 2.10995764334 3.21044221494 -0.190481759028 0.926646202643 
-65.7400649453 -5.79934756435 1500605.92449 499855.671971 -6.96385587508 35429.5533389 2.94388743183 1.06434663687 0.373990383642 -1.15727189169 0.315839588193 
-62.5804908067 -3.54120709444 1500627.47806 499963.231231 -690.648974761 37819.2968401 3.84745320257 2.09082474247 3.08672548697 -0.0690630796847 2.51415856983 
-67.4846535677 -7.68594218371 1498251.16488 500616.667769 41.5293761195 39449.8960392 1.96128196113 1.0307874885 6.18789606303 -1.07902888533 0.68166846602 
-61.4567764597 -2.40963864909 1499577.15343 500311.221093 -688.968310111 36870.4167292 0.78120631018 2.09653402504 3.14048366869 -0.117799006669 2.51403650337 
-66.9429523952 -7.06970104994 1500092.28625 500117.895841 23.8809604013 38062.9640125 5.89932670174 1.04199782746 0.0198446265581 -1.12023573812 2.1772559101 
-61.079317206 -2.03422397422 1499193.04459 500449.088183 -689.834964285 37347.0456165 5.44398498049 2.09655029554 3.1393379279 -0.098722910817 0.94725483666 
-62.3449783489 -2.3342157586 1499617.7356 500112.586902 -5.81101835387 36692.827795 6.16178708295 1.03476407861 6.12123446445 -1.17989778143 0.76709717977 
-63.8996225283 -3.9275352112 1501229.39292 499609.801705 1.42367807754 36460.0284728 1.7605970465 1.05148394153 0.0751297571518 -1.16774140998 2.1341375341 
-63.7773260758 -4.73115771543 1499245.62315 500449.123072 -690.251788575 37765.1195965 3.85595440365 2.09990845279 3.15048428377 -0.0889915935037 2.52093861073 
-63.9829542893 -4.0924807468 1501275.43399 499587.241416 19.6300959184 37988.8120597 4.13799850227 1.03784763491 6.19774797912 -1.12745330246 0.685028061 
-61.4215126238 -2.3763124079 1500370.88867 500069.365309 -686.163093299 35444.1019839 4.05769664674 2.08439605538 3.09421929861 -0.154067754492 2.50497089297 
-63.7375492964 -4.68004398537 1499507.65944 500289.533958 -685.648886819 36174.1893709 5.64998217324 2.10558823025 3.19181565881 -0.155271165984 0.940070335214 
-61.9395913089 -2.886051293 1500699.65236 499894.103923 -685.933027576 35697.8253811 2.51211360013 2.09664982427 3.15788467584 -0.163191250358 0.933089544987 
-64.3980347262 -5.35476960545 1498837.96195 500586.650577 -687.633076101 36256.717181 0.831464665831 2.08692386043 3.09729034443 -0.130495291061 2.50696169176 
-68.8054653921 -8.99011869752 1501036.70372 499606.532657 36.767710994 39009.6684233 0.186697691174 1.03825615634 6.25260002749 -1.09025121487 2.20531119469 
-65.2457128395 -6.19732621289 1499970.45574 500167.302184 -689.754038893 37458.1410292 5.46343769593 2.10147007101 3.14644905097 -0.103333628101 0.942670613187 
-63.3707795499 -4.3239500362 1499905.75084 500166.218431 -688.89737483 36919.4607002 0.783645138443 2.09651370268 3.11722803955 -0.115875704311 2.51147328421 
-66.8519190952 -6.99138098978 1501372.50375 499496.694918 26.2820906179 38228.8560469 1.28765044652 1.04226899057 0.0054301022849 -1.11430646847 0.60789952688 
-67.9547848595 -7.95317662717 1500147.98557 499877.923451 -3.74993277218 36761.2442012 6.25460718449 1.0351911369 6.13280334798 -1.17625875401 0.759490162849 
-63.35297664 -4.30774456007 1499878.48996 500086.97996 -691.821169592 38832.7830531 3.78216885415 2.1036750426 3.16454899609 -0.0472906703604 2.53535545992 
-61.3879793682 -1.52204462024 1499740.26319 500113.927261 25.2582068534 38108.8026438 2.81551074782 1.04279947631 0.0126117887551 -1.11702703793 2.1774471608 
-65.0308756687 -5.97422135645 1498083.43564 500863.021452 -680.01690704 33683.1770573 2.75148117858 2.0822656621 3.12905982031 -0.220494417376 0.922171914196 
-62.8119098371 -3.76113377418 1498852.00802 500482.750637 -683.695103564 34770.9650091 5.7268765535 2.08592316997 3.11241405569 -0.182871861909 0.928240646247 
-62.6829467844 -3.63789183181 1500004.5512 500250.290052 -690.822463671 37783.8788599 0.698880030545 2.09872395858 3.14991803656 -0.0828326427355 2.52243129487 
-65.4042091157 -5.53999291896 1500795.68247 499808.256789 25.4165034676 38143.4488976 5.96002777336 1.04336826115 0.0173508306326 -1.11630498465 2.16890622607 
-65.6204945512 -6.57353705796 1499035.45646 500550.936083 -689.56607105 37379.4277635 0.743884009727 2.09878400045 3.14255841717 -0.103324859717 2.51625738936 
-61.9644154544 -2.12851337995 1499936.22819 500052.993425 31.8989735149 38468.6825569 1.54171252451 1.04297960965 0.0159815691854 -1.10215141414 0.605117524799 
-66.7539103872 -7.70363502391 1498672.48726 500737.624593 -687.796493836 36723.7713124 2.40324857898 2.09938899195 3.18455528013 -0.127744286785 0.945126804267 
-61.3082888715 -2.26451046974 1499350.51613 500418.626699 -690.967586939 38008.8038779 3.82037186776 2.09772443922 3.13901679086 -0.0753282360681 2.52412427297 
-64.4331645672 -5.38682622928 1498548.83537 500715.319391 -690.104588174 37816.118444 3.85788878405 2.10037184148 3.17480564996 -0.0870879818213 2.5245818385 
-65.1000781052 -6.04291265528 1498620.47736 500722.59881 -685.141893602 35992.1504067 5.66576217748 2.10262610833 3.18257310145 -0.162360511809 0.937182887097 
-61.60101484 -1.68822918017 1500147.3688 499937.718126 14.723468011 37490.4019795 5.49058984537 1.04584702997 0.0398025641619 -1.14008341304 2.16146167606 
-64.2060923584 -4.27694302565 1498843.56675 500420.820164 10.1388161308 37617.5679897 2.14914633348 1.03368453529 6.11185109172 -1.14425275717 2.3310601054 
-63.1668114061 -4.11847671471 1499221.82734 500348.418074 -689.62265321 37509.9758134 0.738759988467 2.10200448445 3.16036391792 -0.101105470136 2.52432436159 
-62.5570726176 -3.50717222015 1500401.48148 500020.609374 -687.242830932 36096.6596154 5.58662173461 2.09485306786 3.1520266116 -0.146175372872 0.937453028933 
-65.0332291418 -5.97396413423 1499731.40568 500215.316602 -682.796743854 34865.2575253 1.07499306759 2.09705872409 3.17337405189 -0.193636242509 2.50019026266 
-61.9921580352 -2.12174432282 1500640.459 499717.410318 23.7182957836 37910.8976792 5.88876970872 1.04536345838 0.0374161142445 -1.12002141636 2.1598489654 
-68.077979253 -8.13810901484 1499370.01089 500161.168397 8.63516750855 36935.6389217 2.06859340123 1.05008183437 0.0625815564973 -1.15344274229 2.13684565115 
-65.1585140589 -6.11256379867 1498824.08365 500504.449238 -690.125998872 37779.1432176 3.84827708451 2.10008050257 3.14117514086 -0.0873163692351 2.5223520567 
-62.0082982869 -2.20310337446 1499896.44563 499986.354132 39.4232878142 39141.0172835 1.87233827592 1.03595580164 6.21657078427 -1.08420623051 0.662670050034 
-62.5344090144 -3.48431558674 1499943.25223 500157.899743 -685.017315606 35265.4008995 5.6768101749 2.08887778576 3.10988583429 -0.169155551975 0.931680702508 
-68.1993494407 -8.23588143499 1499785.32395 500090.554259 3.89414531852 37026.7844682 1.87673369212 1.04093343114 6.17979886796 -1.16140804785 2.28185919482 
-62.607629988 -3.55936588184 1499575.62762 500403.154787 -690.205387941 37688.4762013 3.8649384814 2.10227237297 3.159166257 -0.095285067377 2.52391964588 
-74.575411156 -15.0077620046 1498897.48093 500589.931038 101.326325129 42090.7021708 3.04267611514 1.03620997531 6.18169119572 -0.935732997826 2.23000666152 
-64.802586156 -5.74645684008 1499964.80059 500166.817086 -685.627645805 35925.0710782 2.51649884895 2.10171247399 3.17619518144 -0.160609807026 0.935947281293 
-63.6623164118 -3.79449806246 1500143.27945 500012.633758 24.9153642262 38062.5635963 5.93765559316 1.04324776634 0.0117349958566 -1.11803958961 2.17657579075 
-65.3181105194 -6.25774900964 1500441.55467 499975.904955 -686.568589624 37307.9587878 5.61453271982 2.11715350802 3.23407578937 -0.126497915903 0.958579535751 
-65.4678252921 -5.61588657019 1500602.89015 499823.971704 27.112316619 38015.9211906 1.32996612066 1.04634530992 0.0743874121178 -1.11116464062 0.559668452738 
-70.8627333469 -11.0170145242 1498587.13372 500450.831586 28.2890453448 38004.5349843 2.94555245189 1.05090522769 0.0693752037499 -1.10942587159 2.12853560344 
-64.2726037427 -5.22798490012 1498439.79333 500742.164426 -691.225878998 38392.4684161 3.79989364401 2.10026207457 3.14537169686 -0.0657162025334 2.52545760926 
-64.8347350614 -5.79039811646 1499569.82334 500287.918749 -689.965943159 37236.5806837 5.44964595777 2.09514545421 3.13061016634 -0.100010182612 0.940275165868 
-65.9937212944 -6.95287341578 1501423.97819 499695.579166 -690.274251703 37692.4159798 5.44602265664 2.09272472983 3.07803330978 -0.0756664046746 0.938903466746 
-66.3847957832 -7.33808271214 1497653.67281 501026.282895 -690.413035273 38001.8141 0.690777543002 2.10190225374 3.16090260117 -0.0805911092317 2.52296782876 
-62.3854773339 -2.48802815331 1500158.22822 499864.921481 18.4395929575 37839.1577472 2.51319151072 1.04156094878 6.25538293738 -1.13186595975 2.21080484797 
-63.2290280619 -3.24071008433 1500441.71143 499950.319471 -0.115643972382 36727.3137987 1.69506166885 1.04415940099 6.26794173066 -1.1727596571 2.21162874007 
-66.8971068432 -7.01361038885 1498621.19743 500467.798559 21.013794523 37764.7257807 5.76620334808 1.04846967789 0.0297766803635 -1.1270834388 2.16676372943 
-61.5525030783 -2.50578617887 1499561.64655 500205.700636 -687.025837843 35933.8151822 2.43589001608 2.09006727904 3.11184642365 -0.144515628546 0.937702438177 
-63.6954832227 -3.87683246634 1499537.30053 500143.468375 36.088972177 38876.5195404 1.72090484152 1.03840757052 6.22122682761 -1.09197754507 0.656195585669 
-64.4202349972 -5.36826010421 1500199.80916 499992.124063 -685.884700253 35656.6958837 5.64313299589 2.09452885231 3.13978284854 -0.161971145148 0.932605610096 
-64.7364117686 -4.76289790706 1498253.00365 500670.228304 2.57573802679 37321.0523718 0.245937948914 1.03138743134 6.14059580925 -1.16325041848 0.745217872679 
-62.4460230244 -3.39911124809 1499120.1476 500528.155288 -691.337383794 38736.4524817 2.23156156332 2.10514552587 3.17735936793 -0.0557261110548 0.963512325385 
-63.3479283612 -3.39175770455 1501092.3619 499536.354311 5.39453458827 37204.3857027 5.083564579 1.03813898632 6.17000539258 -1.15761274056 2.28851688395 
-64.2073174686 -4.29218948074 1499730.01131 500203.763322 15.0935559574 37902.2503378 2.36921254432 1.03566671052 6.20121311594 -1.13829786237 2.26045654655 
-64.6159671893 -4.61061279499 1500745.91058 499770.866399 -4.63084400845 36917.986735 6.21226702699 1.03163785357 6.12462181579 -1.17685970364 0.758943950214 
-61.951808905 -2.14681643667 1499975.3903 499986.550395 39.375875567 39116.9179166 1.86919755109 1.03629221167 6.21597212618 -1.08417647598 0.661226758299 
-67.119492219 -8.07303010789 1498147.3245 500656.468984 -690.456772911 38225.4333134 3.82717038503 2.10327186136 3.18284593531 -0.0721223323471 2.53319979688 
-60.4110455399 -0.447856781073 1500000.53948 499966.077525 4.86888258918 36987.2560586 1.91507957707 1.04373044564 6.28040043201 -1.16204067846 2.2002817068 
-62.0386554729 -2.07616086258 1499601.03315 500149.024107 4.81274645078 36887.5383252 1.91423362552 1.04547755933 6.28221092168 -1.162136445 2.199483767 
-63.9989275551 -3.99088720791 1500420.5776 499858.027044 -5.24767560689 36952.8592458 6.18428061922 1.02987655366 6.1114386114 -1.17755422152 0.770036621288 
-63.1006774308 -4.05632633437 1498902.24365 500514.233119 -691.708693861 39264.3286458 0.633201881389 2.1030037345 3.17406213794 -0.0293361757831 2.53770478897 
-62.8629248988 -2.98513322766 1500658.84455 499788.575136 22.2365982652 37930.2259322 2.68420638342 1.04460840573 0.00088388381928 -1.12329180471 2.18843028506 
-62.2270581948 -2.23845123802 1500118.58952 499963.016685 -0.738960649536 37079.7227802 0.09770257448 1.0322535924 6.14056406534 -1.16999975028 0.744365210884 
-66.0385473532 -6.99422906991 1498207.01253 500795.394788 -692.131183563 39845.4326412 0.604871465488 2.10348931897 3.15607050784 -0.00525128091263 2.53723869826 
-63.4900726464 -4.4307410873 1500012.74352 500236.505405 -686.615375479 37084.5515042 4.04449835529 2.11377631065 3.22051032628 -0.132492772712 2.51950841198 
-64.3092700992 -4.43913771096 1500277.92306 499760.824449 24.2720738278 38018.952508 1.19695528913 1.04360125217 0.0167299070472 -1.11946422341 0.603221587193 
-65.5525246169 -6.51025351253 1499927.2415 500324.931812 -687.793684877 36127.5800472 2.40815074793 2.08560632096 3.08861119421 -0.127011270462 0.935267377593 
-64.6839559792 -4.60610668338 1500097.63026 499926.024627 -16.8747643818 36041.6731758 0.956286896826 1.03706484265 6.18205310455 -1.20703464426 2.29134624025 
-61.498856612 -2.45852017193 1499943.33508 500200.736192 -690.8672357 37864.3529301 0.689742280184 2.09247710063 3.09876414472 -0.0702931903615 2.51612528482 
-64.0049797691 -4.95738589345 1500523.96146 499852.300741 -689.837509405 37292.4143707 3.89391557287 2.10023564358 3.14992713266 -0.105165459989 2.51488427813 
-66.8202961309 -6.88753631222 1499625.3426 500225.483898 10.4679235969 37833.598942 3.73362128509 1.02831251849 6.12790212555 -1.14437124665 0.744556952202 
-63.4300544014 -4.37509545288 1499395.98979 500263.471126 -687.907547714 37049.3399768 2.39922287226 2.10815120208 3.185049946 -0.127582729461 0.94839324521 
-64.0555873561 -5.01090877387 1499447.38051 500377.570666 -690.661813505 37643.9683667 2.27248535024 2.0976760292 3.14440667577 -0.0869582954512 0.948422580106 
-68.0648590291 -8.17119586351 1498002.38091 500631.249127 19.6015222386 38035.7741108 5.70233650956 1.0392442618 6.21561692655 -1.12939877605 2.24134491813 
-61.7827414469 -2.73710732348 1499580.9524 500324.410193 -684.348744596 34861.9489369 0.98959935654 2.0801262889 3.08543559371 -0.171408224984 2.50123409657 
-63.1626446642 -4.11195204034 1499455.11877 500336.906578 -682.490590048 34304.7000792 5.78858679707 2.08158300404 3.10412274072 -0.194651184833 0.925719697831 
-65.3527566469 -6.31544892187 1499722.1892 500283.946101 -690.463139016 37671.0867739 5.41589190037 2.08743664301 3.0838934815 -0.0678762326825 0.941984188595 
-67.3581067674 -7.50947397784 1499406.18546 500185.419665 25.3236724281 38706.6417058 1.25039439471 1.02392749211 6.04745622077 -1.10289351988 0.797446650078 
-64.1164869565 -4.25921406294 1498516.30531 500528.851044 27.7690241978 38464.0670587 6.06913096708 1.0394565201 6.24815748661 -1.11180738312 2.21667694386 
-61.844797914 -1.97106016986 1500515.98323 499773.193839 23.2414259722 38013.2845803 5.86750518564 1.04408692218 0.0228572802043 -1.12125570136 2.17024966524 
-62.2138169284 -3.16440506536 1498945.30338 500437.562893 -688.217889139 36721.8183338 5.5169901163 2.09889420876 3.15679776973 -0.126513633677 0.946085055889 
-63.216897896 -3.29187172558 1498709.38637 500441.894883 12.6381013758 37568.3051006 5.4016008665 1.04051632531 6.20928795974 -1.14423509065 2.25470065804 
-64.5392640733 -4.54156071879 1498818.6045 500357.75294 -1.65519564572 36708.8787871 4.76333591062 1.04038475153 6.21075068065 -1.1758781179 2.25797903582 
-60.8655009596 -0.914098225767 1499831.91251 500019.412014 7.17422245394 37265.4786376 5.16008206762 1.03922201707 6.20409734289 -1.15574173132 2.26092987659 
-62.7907921368 -2.9076168607 1500426.20507 499811.351565 22.0019333535 38100.3184542 5.81228942184 1.03861339346 6.26922816123 -1.12424437855 2.19952729182 
-64.757323989 -5.7160568824 1500326.6898 499995.314456 -688.671600999 36678.1498702 2.3634341707 2.08792989866 3.07926612155 -0.110867816761 0.941775762456 
-64.9587234272 -5.91762161395 1500099.63197 500075.679234 -692.099632546 40194.888088 5.33157332152 2.09787496734 3.11662790626 0.0228783485651 0.962000922107 
-67.2423273998 -7.13078525825 1499771.53956 500008.231951 -23.7632702775 35242.8263877 2.22872281824 1.04632441735 6.1828952631 -1.22161493464 0.728212335199 
-63.7849408108 -3.70754820015 1500599.01182 499756.869485 -18.3492712279 36018.5594719 5.60923074001 1.03392220991 6.11226901003 -1.20615167888 0.781905112151 
-61.2281506419 -1.25074222637 1499463.16841 500181.424312 1.63057480915 36660.9900263 3.33933531943 1.04852384274 0.0245525574831 -1.16929733152 0.607354806793 
-66.3702593471 -6.56402959279 1498645.67168 500564.778912 38.4124083943 38862.3128477 3.39846855402 1.04266527203 0.0682815199801 -1.08666279999 2.13165478444 
-62.8727801731 -2.97942703892 1501219.84068 499535.288951 19.095513315 37838.9391125 4.11685319554 1.04154445731 6.25011659871 -1.12991106836 0.646411271658 
-62.426659552 -3.38446191885 1499768.67331 500246.690515 -690.204850818 37548.1931181 2.28769686776 2.09361721671 3.09832973459 -0.0859955358094 0.946096225825 
-64.0450033904 -4.99813818443 1498987.45467 500563.152542 -691.634783598 39263.1241551 2.21295498599 2.10667587638 3.17818543016 -0.0351625305304 0.96532640844 
-70.2624317373 -10.3359034869 1500350.86804 499987.588334 11.6461629699 37730.1799496 0.641216821678 1.03604348247 6.15774127401 -1.14363461633 0.719551223115 
-63.7785732842 -4.01319290907 1499915.50254 500144.654424 48.6948176192 39425.6793525 0.713601564477 1.04093219518 6.2807498926 -1.06404053867 2.18093812614 
-62.8640390526 -3.81106778351 1499215.36174 500332.590127 -685.145502206 35362.8357771 5.67056622918 2.09344180956 3.14735036595 -0.17147344858 0.932002648493 
-62.6577083229 -3.60619951202 1498358.67005 500663.450878 -689.548576205 38250.8074416 3.87511160719 2.11011057516 3.20116618821 -0.0828197680642 2.53247991254 
-62.697503589 -2.82968943543 1499859.94413 500004.298225 24.4420465394 38504.220662 4.35288175914 1.0328392563 6.15967333383 -1.11514143656 0.713859912527 
-67.5583960253 -7.5070806304 1499727.31303 499893.852772 -12.6091380272 36135.8878991 2.71988265752 1.03897867617 6.16853785368 -1.1973422969 0.734997757582 
-63.347656938 -4.30715350667 1499225.03779 500523.435346 -687.30566538 36315.8794103 0.84630434996 2.08437434637 3.06314826904 -0.118918652325 2.50341725642 
-61.2508038953 -2.20365307573 1499437.49842 500411.792297 -689.147241777 37002.1812617 0.769557852578 2.09705728271 3.13053477136 -0.11438060591 2.51440775533 
-63.0024421938 -3.96349859005 1500042.09671 500173.017088 -689.540583744 37684.7237225 2.31803036421 2.08997654156 3.05968151332 -0.0707165039097 0.937395353698 
-62.3467582732 -2.3905180688 1500898.11034 499705.573151 4.56118010108 36634.4252409 1.89998552857 1.05222895147 0.0748311771832 -1.16111785888 2.13551020408 
-61.4102611981 -1.54054206121 1499960.83074 500031.320888 24.2731791478 38019.9528603 1.19951441989 1.04392819582 0.0105210060403 -1.11919622994 0.607407818577 
-63.8927948001 -4.00979760988 1499551.58329 500298.3199 21.674587002 37945.1219754 2.65729216734 1.04281631337 0.00396339195783 -1.1251502832 2.18536819521 
-64.1103525281 -4.24019513838 1500056.17757 499905.897054 23.7577150887 37883.9314779 5.89036953834 1.04609737898 0.0389880960703 -1.1201090893 2.15757875774 
-67.8094345676 -8.7614589904 1500647.74395 499949.910196 -691.42210076 38644.1648813 3.81106681966 2.10694633672 3.18046020868 -0.058068124873 2.53766179693 
-61.9938727855 -2.14314796147 1500272.77087 499943.722242 28.5282282262 38304.7336308 1.39341281285 1.04294432845 0.000553533178233 -1.10957324095 0.617569596351 
-65.2974403958 -5.38564451388 1499474.90288 500161.03127 15.3982713274 37539.3327666 2.38509186866 1.04349508706 0.00806105057668 -1.13900032493 2.19091898106 
-67.2031778685 -8.16097504483 1499726.84091 500321.818994 -680.105329158 34224.0046276 5.88041863749 2.07262229284 3.00516688658 -0.175012348267 0.926885504403 
-67.6586995965 -8.59470977657 1500944.98666 499794.988905 -684.495334472 36218.4463576 5.72922224652 2.11470564004 3.22794241438 -0.161888037654 0.940065439275 
-64.2753544576 -4.27924217307 1500163.74945 499935.675398 -1.7936026607 36723.5874346 0.0580498889802 1.04006361291 6.2072120228 -1.17511342321 0.697364295363 
-61.6275723204 -2.58202710678 1499902.1682 500166.747316 -690.272072292 37617.0791188 2.28971289281 2.09858208427 3.15321331358 -0.0920522620599 0.952277363496 
-64.1797344504 -5.13372318447 1498940.31483 500464.545752 -688.610298377 36771.8561156 5.50200002489 2.09420480572 3.14790492943 -0.12063423073 0.941641897274 
-63.9831053653 -4.05673463247 1498625.80236 500590.945455 12.6569330066 37582.4326801 5.40008859479 1.03964176595 6.21000270664 -1.14450280235 2.25332231659 
-61.4725577018 -2.432494123 1500108.46935 500140.43471 -689.029265593 36928.3609383 3.91651318303 2.08757530228 3.07783223169 -0.100034285703 2.51054424559 
-64.7843470418 -4.93660557596 1499510.71735 500073.579402 27.3240772898 38723.5698089 2.90961076218 1.02888248645 6.10005379157 -1.10403516815 2.32833380815 
-63.4296554352 -3.62477313937 1500259.23741 499904.646573 36.6376715249 39217.6234672 4.89040959017 1.02853626171 6.09087648346 -1.08164638571 0.756480815471 
-62.7138256176 -2.84523935942 1499576.11215 500146.524733 23.5203123077 37747.3417618 1.16644590092 1.04923703939 0.0699604213943 -1.12014704546 0.564194990187 
-64.8271384218 -5.79017647635 1499686.46557 500239.590486 -688.172743191 37433.7286113 0.801985897912 2.08626228422 3.03598378777 -0.0739705627563 2.50350904381 
-64.2723497246 -4.3608585652 1499945.23506 499893.529294 15.349360717 37458.6535168 2.37728549479 1.04472979907 0.00281234828016 -1.1392926277 2.1921271522 
-62.0403495852 -2.99556043372 1500701.98656 499905.040839 -689.870355227 37079.3808295 3.89462188002 2.09486733262 3.12706622461 -0.106044473457 2.51301411368 
-64.3540186579 -4.42842648132 1499317.21883 500323.839955 12.4259308302 37392.2315072 3.81562860298 1.04476358533 0.00453931020938 -1.14553918389 0.615781519337 
-68.3371914972 -8.52108679083 1500474.9867 499709.501166 35.813588526 38727.0775722 3.27791883626 1.04238239979 0.0745382341078 -1.09199205817 2.12422415897 
-69.4232871892 -10.3771566332 1498852.79904 500581.86338 -691.172080332 38572.2620216 3.80000307389 2.10364978587 3.14564750401 -0.0587533247779 2.52793437033 
-63.3915122427 -3.44009630359 1499984.05119 500075.072376 6.60532278245 37363.9065041 1.99522096673 1.03608852865 6.15722484604 -1.15483783651 2.30039561751 
-62.5999647324 -2.67353951535 1500060.05821 499904.601691 12.2450011372 37335.6003739 3.80783176253 1.04404547987 0.00589722278918 -1.14588264559 0.615066870862 
-61.4769715099 -1.59761966206 1500133.35586 499986.282874 22.3108451157 37933.9901116 2.68647190254 1.04351443148 0.00216265474372 -1.12371334395 2.18888904816 
-64.3640512957 -5.30950365425 1500109.88653 500053.862862 -685.360626763 35674.1328072 4.10070307445 2.09797171633 3.1713037857 -0.165079965134 2.50441343426 
-69.3939343944 -9.61885341699 1500973.88541 499600.583506 41.0969940235 39690.6818739 3.5161999362 1.01916158289 6.02537705105 -1.06237796267 2.36882821487 
-66.8018582044 -7.74413762754 1499409.69957 500303.294983 -676.599425321 32459.6248468 6.05982992504 2.0717771885 3.10598468553 -0.250164132372 0.919187981429 
-64.5830712556 -5.52322193421 1498482.28209 500661.127635 -686.548660178 38080.6379175 4.01715699448 2.12134681571 3.25648036725 -0.0987643517079 2.54014580721 
-62.4407497096 -3.39332904248 1498794.99752 500474.868583 -687.455979742 36279.3022047 5.55066208475 2.09301593974 3.13620425084 -0.13736868024 0.939169291517 
-64.2217571356 -5.16762471921 1498654.21191 500531.897808 -681.922714266 34148.7956956 2.66966060455 2.08449971684 3.12781860724 -0.204269422256 0.924886467039 
-63.6772301444 -3.77192110685 1500283.35799 499858.488248 16.1401252282 37416.021284 2.41254236699 1.04664058253 0.047574836026 -1.13687668805 2.15597320662 
-65.929662001 -6.87659826456 1499262.29918 500579.963012 -688.796996916 37953.413547 2.35399223918 2.11051316263 3.21674103844 -0.092790423536 0.964567428674 
-62.8088951264 -2.90156307817 1500543.14443 499860.603557 15.8933677287 37627.0451262 2.40303202146 1.04395582169 0.0438557805616 -1.13701047783 2.15681000261 
-62.1753478143 -3.1261557301 1498750.80726 500626.681772 -686.639698523 35878.3101569 4.02014773173 2.09234170407 3.12612779605 -0.150381921583 2.50862751679 
-64.9296142308 -5.8776263867 1498686.16574 500575.757916 -690.138684671 38491.0168931 2.28282810176 2.11163575739 3.19714998567 -0.0768353193802 0.963375382369 
-62.5302968209 -3.47319106082 1499054.77437 500487.272659 -682.181303422 34477.3156888 4.23996089369 2.09046230331 3.1522217481 -0.201388379629 2.49359336564 
-64.6245990189 -5.57019468606 1500112.87875 500005.926604 -687.053334834 36594.2400183 5.58841753783 2.10505377368 3.19418297506 -0.137494205069 0.947262437802 
-62.7092429077 -2.7325680356 1499263.90007 500197.099277 1.33138694647 37065.5891865 0.188413401221 1.03667893617 6.14629484763 -1.16608032816 0.738981946003 
-63.6697879708 -4.6144803036 1500148.3905 500103.458194 -682.328520687 34336.4112757 2.66891205966 2.08705577876 3.14065792873 -0.202273232016 0.926564663642 
-64.3185743142 -5.27223450015 1499994.69043 499970.66826 -687.16308895 35998.2194777 4.00321734686 2.0904752936 3.10461695055 -0.141535457185 2.50781366477 
-61.4086485311 -1.49239763594 1499938.77682 500016.612748 14.5036716435 37478.9833731 2.33877008998 1.04402618994 0.00622023636478 -1.14117987242 2.18812178976 
-64.3164266774 -5.2678965719 1498824.86337 500535.652656 -682.923564822 34487.3389789 1.047272354 2.08005831089 3.09328221693 -0.188010257672 2.49832199757 
-62.0625192964 -3.01544053317 1500206.61112 500030.043753 -688.129521487 36287.8863504 2.400329211 2.0930030849 3.13731740899 -0.13454195438 0.938237278952 
-63.9434296418 -3.98140922748 1500574.46235 499795.171697 4.84469476232 37320.3721208 5.05985439324 1.03595246101 6.18518624057 -1.15953006873 2.27737627594 
-64.9748166499 -5.12844961369 1500049.20847 499913.901442 29.2230385007 38212.3788223 6.132941696 1.04390989793 0.0402583997681 -1.10778671571 2.15524096259 
-66.1296809136 -6.40049554547 1500089.79885 499946.012928 48.7514756331 38789.4458946 2.27980152319 1.05407621498 0.239173649339 -1.04801725326 0.429057261825 
-63.5587709499 -4.50931449467 1499727.40705 500206.991689 -686.859713271 35826.9512813 4.02413330078 2.0929290505 3.13985946979 -0.151131888746 2.50851082248 
-68.9350579607 -9.88486843952 1500317.08874 500201.002326 -689.220065891 37514.0124586 3.92454486299 2.10416356731 3.19540522105 -0.102549233249 2.52280266355 
-63.0523030537 -3.12670278363 1499489.7137 500187.003987 11.2073029437 37659.3695093 2.19766907443 1.03347475154 6.12358835129 -1.14259600128 2.32211051316 
-64.9565162567 -4.99007594213 1501251.33702 499536.075417 4.17697180096 37276.3260839 0.31835754044 1.03584513735 6.19705183022 -1.16145441799 0.698633913866 
-63.8386653765 -4.78746331646 1499727.37367 500165.048572 -688.623856065 36941.6925766 3.94228912702 2.10289872034 3.17390614826 -0.122245956687 2.51819350452 
-67.390285766 -8.33981283219 1500093.00702 500163.003061 -682.926945861 34339.4495533 4.20653551791 2.08149113816 3.11522907365 -0.193399746862 2.49965752164 
-63.0610635656 -4.00968412287 1500029.71991 500191.531564 -689.892579186 38218.2767796 5.45395338286 2.10978356796 3.20554285642 -0.0815409944679 0.962256757107 
-64.1207809868 -5.06924598129 1499413.96372 500468.751325 -680.035137759 33505.4392313 5.90007466357 2.0754026683 3.07971601305 -0.214161826417 0.923229509586 
-63.2462231713 -4.19754944323 1499107.27441 500482.870077 -690.933214792 38923.5544023 2.24989864825 2.10853804634 3.19212391577 -0.0528863493608 0.963592590819 
-65.2630207183 -6.21325443103 1499945.37566 500157.118071 -689.784055581 37636.8307033 2.31696690816 2.10482338706 3.18750044701 -0.0977975320763 0.958155505217 
-65.9252410409 -6.88272019289 1499460.85628 500340.672872 -689.147782639 37152.5266968 2.3307790537 2.09238350592 3.07884537944 -0.0974194352773 0.942732898205 
-63.871323393 -3.90604044031 1501173.13543 499559.309156 4.15714598576 37228.6446264 0.315622085696 1.03640799169 6.19364694167 -1.16109916036 0.696729945067 
-63.4470923443 -3.61051940708 1500181.08811 499886.271655 30.2904639562 38206.9538348 3.03899854582 1.04804415302 0.0865269508502 -1.10405879391 2.12172413455 
-65.8520102885 -6.8125553492 1500310.89537 499948.497137 -692.358353205 39592.7238886 0.611162572491 2.09568444678 3.1153741932 -0.000363249659555 2.53199674941 
-62.6546206933 -2.79996702052 1499928.56821 500105.194345 26.7769618509 38026.1238455 2.88573416961 1.0474685142 0.0589707018617 -1.11277052991 2.14405425495 
-64.1943637819 -5.14580038143 1499807.63185 500288.561058 -690.896192109 38636.9945715 5.4061141591 2.10748180816 3.19503066881 -0.0606312075848 0.962414376626 
-62.845749258 -2.99995688209 1499697.41477 500063.054082 29.9877058605 38493.5618549 1.45278032988 1.04141879081 0.00513206602306 -1.10674113617 0.61056307807 
-65.2928236864 -5.52481449535 1499479.34568 500252.700019 45.18542244 39033.0647752 0.555779152301 1.04721718055 0.130595031483 -1.06755557382 2.08150073881 
-62.9902810734 -3.94071460608 1498783.42777 500488.698951 -684.140255974 34910.853355 5.70358770082 2.08560047752 3.10841182466 -0.177418790801 0.930521421069 
-61.6071764865 -1.66597877676 1500063.80734 499969.027567 7.85225005724 37656.814705 2.04926065172 1.02939302629 6.10777630277 -1.14857666828 2.33566945635 
-65.9861727393 -6.93196376902 1501346.55229 499703.244518 -680.145349479 33380.1372047 5.921654188 2.07729671858 3.10870996071 -0.222580623572 0.922188587868 
-64.2222473691 -5.18370298785 1501016.12536 499791.550641 -691.013074311 38359.1444146 2.26100466738 2.09215469037 3.07320999581 -0.044020339832 0.943032792545 
-62.5872740934 -2.7469032628 1500386.27411 499861.101697 30.6473388313 38384.107506 1.48727110742 1.04417261275 0.0156089238549 -1.10479910861 0.60617356768 
-64.423753134 -4.56942713167 1499836.53138 499958.782729 26.7769618509 38009.8259233 2.88573778133 1.04746302135 0.0609270508776 -1.11278202996 2.1435919688 
-63.3473720087 -4.3044868242 1499417.03013 500349.187875 -686.914772934 36188.8383558 5.57713183824 2.08705240363 3.06821302088 -0.127686047583 0.932042018323 
-62.882830963 -2.89496162138 1499791.39359 500115.905081 -0.00913707553913 37043.441058 4.84361445598 1.03518942475 6.17845040665 -1.17039061831 2.28483621649 
-62.6030030683 -2.6881774764 1499631.04252 500187.480647 14.8017151474 37597.9252583 5.49448711006 1.0424189343 0.0339355604339 -1.14003353988 2.16561095678 
-64.983920692 -5.13741471316 1501240.1284 499658.611783 29.1680428191 38315.9958369 1.42382125158 1.04383711085 0.00180511750303 -1.1076937473 0.616799862753 
-65.1799447515 -6.12877519801 1499632.17156 500275.773115 -690.724502069 38581.7714185 2.2655675078 2.11075189566 3.18507947572 -0.0725653252978 0.962932641581 
-65.2847722392 -6.23569025239 1500365.56073 499922.896707 -690.53284191 38905.9106903 3.84887271394 2.10995663868 3.21730010472 -0.0497997305244 2.54473985581 
-61.1218841045 -2.07253929414 1500501.99502 499927.833286 -686.9499131 35923.9989322 4.02717316238 2.09317793244 3.13497192796 -0.149726617635 2.50660188667 
-63.0033980944 -3.96144065331 1499841.27289 500210.683981 -688.243902163 36620.2309687 0.811593270347 2.08847482988 3.07360715128 -0.113294626877 2.5064530735 
-65.7714388037 -6.71820335393 1499164.32592 500521.595565 -689.2247125 38833.5946403 0.758394707442 2.11477502511 3.23249858639 -0.0647767825747 2.54238893044 
-65.101932396 -5.31448607636 1499318.03915 500308.478863 42.0745429844 39520.3426478 3.5600259754 1.02898482421 6.11748790088 -1.07230939722 2.30729167108 
-62.3763996376 -3.32934495877 1499938.37752 500121.732118 -686.087472154 35498.5335417 4.05916843261 2.0869126647 3.11929369212 -0.157972911734 2.50323406832 
-64.4201736379 -5.3718121713 1498708.81741 500476.152162 -684.682254586 35032.6284021 2.53741310302 2.08498143784 3.11574766216 -0.17301152386 0.931663812972 
-64.04858703 -5.00612814911 1499828.62398 500120.969766 -686.310162643 35471.3568196 5.61187006233 2.08177933839 3.08576371547 -0.147408553167 0.933239697613 
-67.6415017516 -7.74738299288 1499410.2029 500180.990849 19.0213577447 38515.8593815 4.10963144291 1.02496978635 6.12828876902 -1.12554526464 0.739433152883 
-63.3896529125 -3.39248052915 1500119.38743 499918.413066 -2.14252633705 36808.7055587 4.74790970904 1.03879875412 6.18697113652 -1.17527244324 2.27923678446 
-64.5286740753 -5.48030511476 1499098.94041 500521.729954 -679.289032858 33346.1768523 5.9232000534 2.07086029669 3.05306125036 -0.211540787138 0.925053371646 
-65.9329075266 -6.88785465062 1499323.79506 500438.339717 -689.023969195 36958.1959908 0.772151004536 2.09413453451 3.12926409891 -0.110996023439 2.51121076227 
-64.4532131599 -4.62097597565 1499600.42968 500261.505272 32.4747553886 38491.2655427 1.56182019337 1.04432949477 0.0336541545783 -1.10059310064 0.585372147323 
-63.0753979149 -4.02321526548 1499151.64442 500530.305454 -680.370908022 33631.8035635 2.74127027902 2.07697957947 3.08715645448 -0.213365218 0.92435645742 
-63.7646784192 -4.72224686085 1499732.4621 500201.328069 -690.832335067 37950.7402112 3.82695346089 2.09586474673 3.12589104708 -0.0741587928379 2.52156470568 
-66.8256458887 -6.93107090145 1499658.54239 500232.533671 7.65524554258 36448.3987837 3.59508893695 1.05863438908 0.302784188542 -1.13491273089 0.374644459839 
-64.8635953982 -5.08509867219 1500364.22452 499997.580884 45.532988556 39321.7477176 0.571785778598 1.04029978922 6.27392603503 -1.07105450225 2.18612928673 
-61.3880441356 -2.34555185935 1500132.65191 500094.904878 -687.859604031 36275.1301718 2.40058881634 2.08695804997 3.08670022586 -0.125262419676 0.937645494906 
-61.2824035082 -1.36773695075 1500862.84224 499669.027308 14.8319266634 37642.2577276 2.35784708845 1.04041997576 6.25023928096 -1.13952190808 2.21961792602 
-64.7465473043 -4.8577753338 1499204.19331 500141.675961 20.4748628381 38305.4559309 1.03409370378 1.03241062148 6.17265015586 -1.12523535161 0.706839398417 
-63.7675447412 -3.98868034338 1499647.72593 500249.486982 45.4378902567 39224.871379 0.567320854123 1.04139037062 6.27732375695 -1.07158951909 2.1835072691 
-66.3038927962 -7.25434433133 1498706.94783 500757.680466 -683.659699852 34731.2496209 1.01953731644 2.08331576147 3.10749403995 -0.181741438433 2.49621472348 
-61.8108838254 -2.76037158328 1499680.70792 500214.748154 -688.63140803 37084.2918938 5.50949314399 2.10250754833 3.17071029097 -0.117870362597 0.945968976027 
-65.127417445 -5.14198846649 1499137.95389 500185.566881 0.581969486153 36700.2045825 3.28893807452 1.04460220271 0.00659610479977 -1.1718195646 0.619558296209 
-65.4627571477 -6.40364926448 1501219.60451 499713.426387 -680.825399509 33803.0134361 4.33076437169 2.08755624741 3.15085126553 -0.219026801955 2.48836541775 
-68.0752039711 -8.30071119661 1499551.3173 500247.083543 39.9870934976 39733.4255404 5.0357011828 1.01602511238 5.99357362217 -1.06077552968 0.821290285376 
-63.6226038638 -4.56673029531 1498575.70068 500708.73505 -681.629280679 34219.169263 4.25809438034 2.08638552325 3.13703553151 -0.206066327324 2.49215454692 
-63.8024340711 -4.75618586875 1499849.15178 500181.330297 -691.830278649 39174.4905007 3.77951882731 2.10567068256 3.16979609913 -0.0396422040136 2.53840034077 
-62.8993621921 -3.84437727556 1498806.4921 500490.402367 -685.118562724 35654.1511913 4.09580341608 2.09832302969 3.17056323542 -0.166450686023 2.50602660166 
-64.7440464723 -5.69241037313 1500379.49255 500096.868132 -678.770644619 33039.5145773 5.96864842037 2.07091725017 3.06965675889 -0.226072227424 0.923573199911 
-66.1727460024 -6.2320996637 1500362.36792 499997.428962 7.81739786396 37543.7013494 2.05012368766 1.03085887862 6.10799473 -1.14860938212 2.33682729032 
-62.9377341311 -3.05404203339 1499781.66802 500042.718201 21.7254514073 38021.5709096 2.65598621656 1.04049004933 0.000553828869362 -1.12500321589 2.18575122471 
-62.960880194 -3.07724943804 1500032.16827 499969.555526 21.8826378722 38280.8903198 5.806620415 1.03537033845 6.21270345924 -1.12351824832 2.24328086297 
-70.5799705801 -11.5311529168 1500316.47159 499966.244504 -687.154695053 36193.2861237 0.868060800756 2.0937357145 3.11701572948 -0.144313194035 2.50933594467 
-64.4013655804 -5.344851095 1500444.01087 499923.209351 -684.100203829 35065.8425322 4.16839127747 2.09547266084 3.16938831081 -0.184641993646 2.50119657125 
-63.2255444957 -3.29018212296 1499993.16599 500147.706535 9.56564173315 37092.4958001 2.1207965302 1.04881547601 0.0634640503058 -1.15094071705 2.14408188837 
-62.8954536191 -2.96748900763 1498749.88062 500445.412779 12.4941478856 37468.810428 2.24805937591 1.04175441699 0.000376537878366 -1.14588085447 2.1921181651 
-69.3980549322 -9.59352121386 1500298.72078 500094.043169 38.6343778082 38859.2656746 3.40296110601 1.04285235756 0.0740716531676 -1.08574228841 2.12336634325 
-63.1625767304 -3.04586853948 1499958.04511 500036.538954 -24.0314527136 35440.0366594 2.21276709924 1.04299074576 6.19283088243 -1.22272319548 0.718328487936 
-65.5689452063 -5.72698036116 1498192.8392 500619.657614 30.1643449921 38957.3394392 4.60093068698 1.02754990982 6.12535094928 -1.10059794412 0.734826628012 
-63.8376414178 -4.79104551231 1499601.66809 500243.286758 -688.351778653 36657.5912666 3.94627351648 2.0945422242 3.10533182492 -0.123816710192 2.51061454436 
-63.8960975527 -4.83938122983 1498340.98654 500787.155955 -686.095512354 36452.809723 4.04946993537 2.10635862236 3.20070111863 -0.14562995543 2.51341713334 
-63.3815868452 -3.32309368974 1499549.96483 500190.090575 -13.5680000386 36164.8858943 2.67599202456 1.03837855271 6.17072929304 -1.19982151213 0.733494951631 
-66.5693157736 -7.5151099253 1500173.7981 499985.850484 -687.426119143 36608.6229876 3.99980747405 2.10386450792 3.16924524193 -0.141087206262 2.51562599092 
-60.8762202357 -1.83259593323 1499445.60759 500344.764474 -691.252341724 38156.6168998 2.23804102322 2.09836717761 3.13667985993 -0.0691927541247 0.953134395326 
-63.4795303697 -3.64114942425 1500458.69689 499844.652092 29.9225458153 38869.9190561 3.02129511913 1.02805663775 6.11003039704 -1.09894793951 2.31651584512 
-62.6563816494 -3.61260099686 1499049.32371 500451.624912 -688.124399489 36370.7369452 3.94908461634 2.0889554868 3.11393963691 -0.126539213242 2.51115617244 
-64.6319523461 -4.74802776706 1499654.3217 500256.344718 20.0216352056 38383.4879475 4.16102703297 1.02739711791 6.10623965451 -1.12120849544 0.760662558528 
-65.2888212996 -6.23234385625 1498760.69874 500693.510176 -687.803235975 38197.2948415 0.822015711592 2.11647553027 3.23764676325 -0.0919872700688 2.5382183924 
-65.3744663398 -6.31776686269 1499441.93465 500252.658705 -688.008039516 38048.4544248 5.53251692432 2.11627876233 3.2285800163 -0.0999638488846 0.961786800518 
-61.3993198492 -1.40098449215 1499584.95223 500181.3853 -2.34581905874 36509.1185821 3.16482728947 1.04735182175 0.0114834323843 -1.17775996927 0.61909036144 
-63.7570818667 -3.84347393992 1500327.45228 499959.965773 14.1118551486 37380.2737888 2.32463481478 1.04734697734 0.040567432812 -1.1407834464 2.1588257749 
-63.5867981012 -3.69048053771 1499839.95968 500144.936614 18.4656890702 38036.7125969 4.08899687348 1.03505915139 6.17122135046 -1.12936459871 0.710810255217 
-63.542468926 -3.66339350306 1500865.41856 499607.527587 22.2138325609 37994.1851618 2.68131807714 1.04295191451 0.00271897825187 -1.12355305765 2.18733395201 
-62.6422511827 -2.78888859414 1501052.05182 499657.869567 27.4056140029 38148.7526851 6.0566773206 1.04504013203 0.0240182858892 -1.11151137899 2.16997248401 
-70.1354706398 -10.2463438581 1499370.44985 500236.495826 20.470245021 38429.7287923 4.17516269391 1.02819970232 6.14628042623 -1.12405265563 0.730341397669 
-64.0640866126 -5.02166537847 1499354.30094 500338.711452 -692.063656177 38999.3144132 2.19324272807 2.09945592002 3.12819978226 -0.0355067379742 0.957048645087 
-62.7222995778 -2.88301316276 1500221.43511 499908.12395 31.2151777676 38456.3312613 1.51171755364 1.04165569329 0.00343441866716 -1.10352153797 0.61346747943 
-67.0662873197 -8.01473784354 1499441.51933 500328.747062 -689.5938591 37759.0180169 0.744205762095 2.10786030308 3.18823852689 -0.0975320705145 2.53198818863 
-65.5507111106 -6.49793752632 1500907.55328 499793.241488 -683.723383726 34576.9556951 2.61732752235 2.08711001871 3.12976044668 -0.189939196508 0.924796905747 
-62.9616493608 -3.0921763503 1500204.60745 499978.76518 23.5203123077 37838.9981791 1.16533932161 1.04702281359 0.0693975376579 -1.11991838998 0.563649743118 
-60.9469281376 -1.89971221681 1499335.48505 500390.252876 -688.186807298 36520.9863179 0.811324964215 2.09425103308 3.14083982634 -0.129101580589 2.514326081 
-61.4452869552 -2.40472340421 1499768.08925 500277.133058 -689.542528369 37335.7973059 3.88639375419 2.09043264133 3.08010682867 -0.0875362885977 2.51285880115 
-63.5724321196 -4.52022242825 1499196.55483 500445.252998 -689.283948392 38813.5334101 0.750754343886 2.11374618698 3.23464875625 -0.0604189649921 2.54804028241 
-65.1077782072 -6.0665300088 1500080.58028 499935.54911 -688.274056996 36594.7698512 2.37566158788 2.08785174834 3.07588958256 -0.113610416823 0.939440584852 
